"Fundplatz";"Ausgrabungqualität";"Ausgrabungsjahr";"Ausgräber"
7;3;1911;571
7;3;1911;661
11;1;1988;2
11;2;1986;2
11;2;1987;2
11;2;1989;2
11;2;1990;2
11;2;1991;2
11;3;1912;166
13;3;1929;574
16;3;1935;576
17;2;1984;2
17;2;1985;2
17;2;1987;2
17;2;1988;2
17;3;1841;587
17;3;1880;585
17;3;1884;40
19;3;1864;216
20;3;1840;577
20;3;1841;577
20;3;1854;1
20;3;1885;40
20;3;1890;223
20;3;1890;573
24;1;1937;580
24;1;1938;580
24;1;1999;1
24;1;2000;1
24;1;2002;1
24;3;1856;579
24;3;1877;1
24;3;1878;1
24;3;1880;43
24;3;1890;694
24;3;1893;273
32;4;1864;1
57;3;1867;665
57;3;1912;1
57;3;1922;1
57;4;1873;1
59;2;1933;310
60;3;1906;155
62;3;1834;49
62;3;1889;48
63;3;1835;49
63;3;1890;48
63;3;1890;50
63;3;1890;498
63;3;1892;51
64;3;1834;1
66;2;1939;2
66;3;1875;43
70;4;1952;1
84;2;1979;2
84;3;1978;1
89;3;1874;492
90;3;1886;493
103;3;1928;1
103;4;1885;1
106;2;1960;2
106;2;1961;2
106;3;1830;1
106;3;1888;234
106;3;1888;473
106;3;1888;589
106;3;1892;234
115;3;1830;43
115;3;1869;43
115;3;1907;226
116;2;1958;2
120;3;1876;466
120;3;1876;467
120;3;1880;468
121;3;1605;700
121;3;1844;699
121;3;1845;464
121;3;1876;465
121;3;1877;465
122;3;1885;48
123;3;1830;463
123;3;1880;48
123;3;1885;48
124;3;1880;1
124;3;1888;48
124;3;1905;462
124;3;1906;155
124;3;1906;462
124;3;1907;462
124;4;1897;1
125;2;1969;2
125;3;1893;355
126;3;1893;355
128;2;1981;1
128;4;1975;1
133;3;1897;47
133;3;1898;47
134;3;1894;47
135;3;1895;47
136;3;1894;47
137;3;1830;457
137;3;1898;47
138;3;1898;47
139;3;1881;1
139;3;1889;73
139;3;1889;408
139;3;1892;73
139;3;1892;408
139;3;1894;73
139;3;1897;458
139;3;1898;458
140;2;1983;2
140;2;1984;2
140;2;1985;2
140;2;1986;447
140;2;1987;2
140;2;1988;2
140;2;1989;2
140;2;1990;2
140;2;1991;2
140;2;1996;2
140;2;1997;2
140;2;1998;2
140;2;1999;2
140;2;2000;2
140;4;1979;1
141;2;1971;2
141;2;1972;2
141;2;1973;2
141;2;1974;2
141;2;1975;2
141;2;1976;2
141;2;1977;2
141;2;1979;2
501;3;1888;573
501;4;1860;1
502;4;1936;1
503;3;1938;576
503;5;1937;575
504;3;1880;585
504;3;1884;40
504;3;1886;40
504;3;1926;574
504;3;1926;586
506;3;1893;273
507;3;1899;497
508;3;1883;40
509;4;1932;1
510;3;1852;71
512;2;1973;2
512;3;1830;397
512;4;1900;1
512;4;1970;1
512;4;1971;1
512;4;1972;1
513;2;1981;2
513;3;1833;43
513;3;1865;43
513;3;1868;43
514;3;1868;43
514;3;1874;299
515;3;1884;40
515;3;1885;40
516;3;1850;1
516;3;1866;284
516;3;1867;284
516;3;1880;626
517;3;1897;33
517;3;1921;1
517;3;1922;1
518;2;1969;2
519;3;1928;435
519;3;1928;436
521;3;1835;404
521;3;1848;405
521;3;1848;406
521;3;1862;71
521;3;1884;40
521;3;1899;407
522;3;1885;40
523;3;1884;40
524;3;1860;71
525;3;1851;80
525;3;1852;579
525;3;1854;579
525;3;1877;579
525;4;1990;1
526;2;1957;702
526;2;1959;702
526;2;1971;702
526;4;1955;1
527;3;1883;40
527;3;1910;36
528;3;1844;1
528;3;1893;1
529;3;1821;44
530;2;1919;366
530;3;1829;623
531;2;1968;2
532;3;1850;616
532;3;1876;299
532;3;1898;1
533;4;1912;1
534;2;1963;2
534;2;1964;2
534;2;1966;2
535;3;1911;417
536;2;1938;32
536;4;1931;1
537;4;1910;1
538;3;1900;599
539;3;1902;266
539;3;1902;600
539;3;1906;32
539;3;1906;265
540;2;1973;2
540;3;1872;1
541;2;1939;2
542;2;1955;2
543;4;1948;1
544;3;1866;156
544;3;1867;156
544;3;1868;156
545;3;1866;156
545;3;1868;156
546;3;1910;358
547;2;1921;53
547;2;1922;53
547;2;1926;53
548;3;1877;1
549;3;1819;221
549;3;1883;602
549;3;1893;603
549;3;1900;224
550;2;1910;225
550;2;1910;226
550;2;1937;32
550;3;1819;221
550;3;1819;222
550;3;1900;223
550;3;1900;224
550;3;1906;225
550;5;1931;1
551;4;1931;1
551;4;1948;1
554;4;1933;1
555;3;1912;1
556;3;1895;1
557;4;1935;1
558;3;1864;1
558;3;1865;1
558;3;1866;1
558;3;1869;1
559;3;1890;239
560;3;1833;357
560;3;1847;356
560;3;1847;357
560;3;1895;1
560;3;1899;223
560;3;1899;224
560;3;1900;223
560;3;1902;223
560;3;1903;223
561;3;1920;594
562;2;1977;2
563;2;1925;2
563;2;1974;2
563;2;1975;2
563;2;1976;2
563;2;1977;2
563;2;1983;2
563;3;1926;1
564;2;1930;77
564;3;1895;264
564;4;1890;1
565;4;1949;1
566;3;1904;36
567;3;1824;214
567;3;1825;214
567;3;1826;214
567;3;1838;671
567;4;1852;1
568;3;1853;71
568;3;1878;606
568;3;1886;37
568;3;1893;37
569;2;1983;2
570;2;1937;367
570;3;1899;38
571;3;1901;37
571;4;1980;1
572;3;1901;37
573;3;1886;37
573;3;1886;40
574;3;1853;43
574;3;1893;37
574;3;1893;600
574;3;1897;273
574;3;1902;274
574;3;1902;275
575;3;1893;37
575;3;1895;607
576;3;1824;43
577;3;1905;36
578;3;1904;36
579;3;1900;36
580;3;1887;40
580;3;1890;37
580;3;1891;37
580;3;1892;37
580;3;1893;37
580;3;1894;37
580;3;1895;37
580;3;1895;607
580;3;1896;607
580;4;1987;1
582;3;1896;37
582;3;1897;37
583;3;1884;40
583;3;1887;178
583;3;1891;179
584;3;1840;608
584;3;1883;40
584;3;1886;70
584;3;1887;178
585;3;1852;609
585;3;1852;610
585;3;1883;40
585;3;1891;162
585;3;1894;37
585;3;1895;162
585;3;1897;611
586;3;1901;36
587;3;1857;579
587;3;1899;37
587;3;1902;36
587;3;1902;38
587;4;1950;39
588;3;1883;40
588;3;1901;36
589;3;1832;612
589;4;1959;1
589;4;1964;1
590;3;1924;1
591;3;1876;156
592;3;1911;37
592;4;1992;1
593;3;1849;80
593;3;1854;80
594;3;1867;1
595;3;1895;1
596;3;1832;705
596;3;1893;33
597;2;1954;2
597;2;1955;2
597;2;1956;2
597;2;1957;2
597;2;1958;2
597;2;1959;2
597;2;1960;2
597;2;1961;2
597;2;1962;2
597;2;1963;2
597;2;1978;2
597;2;1979;2
597;2;1980;2
597;2;1981;2
597;2;1982;2
597;2;1988;2
597;2;1989;2
597;3;1877;43
598;1;1951;2
599;3;1897;37
600;3;1874;703
601;3;1867;1
601;3;1868;704
602;3;1840;1
602;3;1866;1
602;3;1868;704
602;3;1872;704
603;3;1854;80
604;3;1833;80
604;3;1882;50
606;2;1934;32
606;2;1937;32
607;3;1873;43
607;3;1900;1
608;4;1926;1
609;3;1820;1
609;3;1821;1
610;2;1928;2
610;2;1969;2
610;2;1970;2
610;5;1936;1
611;3;1891;408
612;2;1964;2
612;2;1965;2
614;2;1963;2
615;2;1951;2
615;2;1952;2
615;3;1887;43
615;3;1887;583
616;3;1921;500
616;3;1922;500
617;2;1974;2
617;3;1862;499
618;4;1897;1
619;3;1880;1
620;3;1891;407
620;3;1892;496
621;3;1858;1
621;3;1885;40
621;3;1908;495
621;3;1909;495
622;3;1884;40
623;2;1967;2
625;2;1966;2
625;2;1967;2
625;2;1968;2
625;2;1969;2
625;2;1970;2
625;2;1971;2
625;2;1980;2
625;3;1822;43
625;3;1836;43
626;3;1854;345
626;3;1903;495
627;4;1965;1
628;2;1983;2
628;2;1984;2
628;2;1985;2
628;2;1986;2
628;2;1987;2
628;2;1988;2
628;2;1989;2
628;2;1990;2
628;3;1840;463
628;3;1893;37
628;3;1893;273
629;4;1904;1
630;2;1971;2
630;2;1974;2
631;3;1908;162
632;3;1892;33
633;2;1996;2
633;2;1997;2
633;3;1900;37
634;2;1976;2
634;2;1977;2
634;2;1981;2
634;2;1982;2
634;2;1983;2
634;2;1984;2
634;3;1896;37
635;2;1975;2
635;3;1841;434
635;3;1896;1
636;2;1929;2
636;3;1887;40
636;3;1911;407
637;3;1877;415
637;3;1908;36
637;3;1908;414
638;3;1827;590
638;3;1912;414
639;3;1884;1
639;3;1890;70
640;3;1909;1
640;3;1928;591
641;3;1934;1
642;3;1901;693
642;3;1909;693
643;3;1890;37
644;3;1889;263
644;3;1895;37
645;4;1926;1
645;4;1931;1
645;4;1936;1
645;4;1955;1
645;4;1956;1
646;2;1953;2
646;3;1834;76
646;3;1835;76
646;3;1897;75
646;3;1901;38
647;4;1935;1
648;2;1957;2
649;4;1949;1
650;3;1877;1
650;3;1926;1
650;4;1927;1
651;3;1898;342
651;3;1903;342
653;2;1938;2
654;3;1895;1
655;3;1840;1
656;2;1975;2
656;3;1926;667
657;3;1850;43
657;3;1882;40
658;4;1848;1
659;1;1970;2
659;1;1971;2
659;1;1972;2
659;1;1973;2
659;3;1887;48
659;3;1890;47
659;3;1890;48
660;3;1865;86
661;3;1949;371
662;3;1850;1
663;4;1948;1
664;2;1984;2
664;3;1860;345
665;2;1964;2
665;2;1965;2
665;2;1966;2
665;2;1967;2
665;3;1885;40
666;3;1902;223
666;3;1903;223
666;3;1904;223
667;3;1893;264
667;3;1906;223
667;3;1907;223
668;2;1967;2
668;3;1847;1
668;3;1900;224
668;3;1902;223
668;5;1967;1
671;3;1884;40
672;3;1900;215
673;3;1854;80
673;3;1896;37
676;2;1970;2
677;3;1891;144
678;4;1927;1
680;3;1865;80
680;3;1871;80
680;3;1881;615
681;3;1882;1
681;3;1923;164
683;3;1832;80
683;3;1850;1
683;3;1855;1
683;4;1939;1
685;3;1864;43
685;5;1934;1
685;5;1954;1
686;4;1909;1
687;4;1932;1
688;2;1987;2
689;3;1884;40
689;3;1884;425
689;3;1888;1
690;3;1846;1
691;3;1891;73
692;3;1892;408
692;3;1936;74
692;3;1958;625
693;3;1860;1
693;3;1891;408
693;3;1936;63
694;3;1932;576
694;3;1933;576
696;4;1927;1
696;4;1935;1
698;2;1936;400
698;2;1936;401
699;2;1957;2
700;3;1894;37
701;3;1854;80
702;3;1867;284
703;3;1836;1
703;3;1884;40
703;3;1885;40
706;2;1951;2
706;2;1999;2
707;2;1978;2
707;2;1979;2
707;2;1998;2
707;2;1999;2
708;3;1905;342
709;2;1959;1
710;4;1902;1
711;3;1904;36
712;3;1904;36
714;2;1968;2
714;3;1884;40
714;3;1884;606
714;3;1899;37
715;3;1901;37
716;3;1901;36
717;3;1895;607
718;3;1901;36
718;3;1902;36
719;3;1856;80
719;3;1857;80
719;3;1874;80
720;4;1909;1
721;3;1830;572
721;4;1929;1
722;4;1930;1
723;4;1922;1
725;4;1930;1
727;3;1894;37
728;3;1830;679
728;3;1894;37
729;4;1905;1
730;4;1925;1
732;3;1859;43
733;3;1927;1
734;3;1900;224
734;3;1900;605
734;3;1904;1
736;4;1898;1
737;4;1930;1
739;3;1862;80
739;3;1865;80
739;3;1866;80
740;3;1948;471
742;3;1884;425
742;3;1884;624
743;2;1957;2
743;2;1958;340
743;2;1967;2
743;2;1968;2
743;2;1969;2
744;4;1933;1
745;2;1983;2
745;3;1827;501
745;3;1827;502
746;2;1986;2
746;2;1987;2
746;2;1988;2
747;2;1981;2
747;2;1982;2
747;4;1978;1
748;2;1968;2
748;2;1969;2
748;2;1970;2
748;2;1971;2
748;2;1972;2
748;2;1981;2
749;2;1975;2
749;2;1978;2
749;3;1850;503
749;4;1995;1
750;2;1934;260
750;2;1977;2
750;2;1978;2
750;2;1979;2
750;3;1828;502
750;4;1987;1
751;2;1978;2
751;2;1979;2
751;2;1980;2
753;2;1984;2
753;2;1985;2
753;2;1986;2
753;2;1987;2
753;2;1988;2
753;2;1989;2
753;2;1994;2
753;2;1995;2
754;2;1997;2
754;2;2000;2
754;4;1960;1
754;4;1965;1
754;4;1967;1
754;4;1986;1
755;2;1997;2
756;4;1998;1
757;2;1997;2
759;2;1997;2
760;2;2000;2
760;2;2001;2
760;3;1862;504
760;4;1996;1
760;4;1998;1
761;4;1981;1
761;4;1997;1
762;2;1988;2
762;4;1927;1
762;4;1986;1
763;3;1863;505
764;3;1940;1
765;4;1978;1
765;4;1990;1
766;4;1990;1
768;2;1985;2
768;3;1830;507
768;3;1840;503
768;3;1877;508
768;3;1900;506
768;4;1977;1
768;4;1979;1
768;4;1981;1
768;4;1990;1
768;4;1991;1
769;3;1898;509
769;3;1900;510
769;3;1900;511
769;4;1978;1
769;4;1981;1
769;4;1991;1
770;2;1940;430
770;2;1989;2
770;2;1995;2
770;2;1996;2
770;3;1788;512
770;3;1789;513
770;3;1828;502
770;3;1828;514
770;3;1841;515
770;3;1848;516
770;3;1886;517
770;3;1888;431
770;3;1890;431
770;4;1953;1
770;4;1991;1
770;4;1992;1
770;4;1995;1
771;4;1991;1
772;2;1992;2
772;4;1988;1
773;2;1991;2
773;4;1990;1
774;4;1993;1
775;2;1935;430
775;2;1994;2
775;3;1865;518
775;3;1876;199
775;3;1877;199
775;3;1878;199
775;3;1879;199
775;3;1888;431
775;3;1889;431
775;3;1908;519
776;4;1994;1
777;4;1993;1
778;3;1840;1
778;3;1891;17
778;3;1908;519
778;3;1911;519
778;3;1913;519
778;3;1916;519
778;4;1980;1
779;4;1957;1
779;4;1994;1
780;4;1993;1
781;4;1993;1
782;2;1994;2
782;2;1996;2
783;4;1979;1
783;4;1995;1
784;4;1996;1
785;4;1996;1
786;4;1995;1
787;4;1995;1
788;4;1996;1
789;2;1996;2
789;2;1997;2
790;2;1940;430
790;4;1999;1
791;4;1996;1
792;4;1995;1
793;2;1949;520
793;2;1950;520
793;3;1835;501
793;3;1835;502
793;4;1977;1
794;3;1835;521
794;3;1836;522
794;3;1840;503
794;3;1843;549
794;3;1880;524
794;3;1935;99
794;4;1977;1
794;4;1987;1
795;2;1970;2
795;4;1977;1
795;4;1979;1
796;4;1979;1
797;2;1966;2
797;2;1967;2
797;2;1968;2
797;2;1969;2
797;2;1970;2
797;4;1979;1
798;2;1979;2
800;3;1920;519
800;3;1922;519
800;3;1927;519
800;3;1935;519
800;4;1952;1
800;4;1970;1
801;4;1981;1
802;4;1956;1
802;4;1957;1
802;4;1962;1
802;4;1972;1
802;4;1976;1
802;4;1981;1
803;2;1981;2
803;2;1982;2
804;2;1986;2
804;4;1978;1
804;4;1981;1
804;4;1983;1
805;2;1989;2
805;2;1990;2
805;2;1991;2
805;2;1992;2
805;4;1981;1
805;4;1987;1
805;4;1999;1
806;4;1988;1
807;4;1965;1
807;4;1983;1
808;2;1983;2
809;1;1908;15
809;1;1912;15
809;1;1922;15
809;3;1843;525
809;3;1844;526
809;3;1882;519
809;3;1882;527
809;3;1884;116
809;3;1891;528
809;4;1983;1
810;2;1986;2
810;3;1909;529
810;3;1950;530
811;4;1985;1
812;3;1953;423
812;3;1953;424
813;3;1924;531
814;2;1973;2
815;4;1911;1
816;4;1843;1
816;4;1964;1
817;3;1879;199
818;3;1905;17
819;4;1987;1
820;4;1935;1
821;3;1827;532
821;3;1828;501
821;3;1830;533
821;3;1832;502
821;3;1861;319
821;3;1862;534
821;3;1908;529
821;3;1911;529
821;3;1922;535
821;3;1923;535
821;3;1924;535
821;3;1925;535
821;4;1991;1
824;3;1827;501
824;3;1828;501
824;3;1831;502
825;3;1912;675
827;4;1913;1
828;4;1910;1
829;3;1840;503
831;2;1921;536
831;3;1876;199
831;3;1877;199
834;3;1876;199
834;3;1877;199
836;3;1825;537
836;3;1826;502
836;3;1827;518
841;3;1874;199
843;3;1907;15
844;3;1842;538
844;3;1843;538
844;3;1846;516
846;3;1835;521
847;3;1755;540
847;3;1829;518
847;3;1848;516
847;3;1885;431
847;3;1885;539
849;3;1875;541
849;3;1876;199
849;3;1877;199
849;3;1878;199
849;3;1879;199
849;3;1888;431
850;3;1876;199
850;3;1877;199
852;3;1882;199
855;3;1879;199
857;3;1880;199
859;3;1882;199
860;3;1878;199
860;3;1880;199
860;3;1880;542
862;3;1880;199
863;3;1880;542
865;3;1879;199
867;3;1809;543
867;3;1819;544
867;3;1827;502
867;3;1828;502
867;3;1829;518
867;3;1876;199
867;3;1877;199
868;3;1874;199
868;3;1874;545
869;2;1943;430
871;3;1878;199
872;2;1943;430
874;3;1872;1
874;3;1873;1
874;3;1874;1
874;3;1875;1
874;3;1877;546
874;3;1880;547
874;3;1881;524
874;3;1883;548
874;3;1886;438
874;3;1888;546
874;3;1888;548
874;3;1895;546
874;3;1898;546
874;3;1906;45
874;3;1907;45
874;3;1908;45
874;3;1909;45
874;3;1910;45
875;2;1962;2
875;3;1902;546
876;2;1983;2
877;3;1842;549
877;3;1845;549
877;3;1883;546
877;3;1887;438
877;3;1887;550
878;3;1845;551
878;3;1852;552
879;3;1885;547
881;3;1878;199
882;3;1858;553
883;3;1888;554
884;3;1887;554
884;3;1888;431
884;3;1889;431
886;3;1878;199
887;4;1969;1
888;4;1970;1
889;2;1972;2
890;4;1974;1
891;2;1951;555
894;3;1880;199
895;3;1900;1
896;3;1880;542
897;4;1927;1
897;5;1900;1
898;3;1932;519
899;3;1883;519
899;3;1888;17
899;3;1905;112
899;3;1905;113
899;3;1912;15
900;4;1926;1
901;3;1820;525
901;3;1842;556
901;3;1891;17
901;3;1892;17
902;3;1835;1
902;3;1889;1
904;3;1830;1
904;3;1941;20
905;2;1956;2
906;3;1936;519
906;3;1939;557
906;3;1939;558
908;3;1888;431
910;3;1827;502
912;2;1954;440
913;4;1968;1
914;3;1843;559
914;3;1844;559
914;3;1845;559
914;3;1875;545
914;3;1885;431
915;1;1934;260
915;1;1935;260
915;3;1886;431
915;3;1887;431
915;3;1888;431
915;3;1889;431
915;3;1890;431
915;3;1923;99
915;3;1924;430
915;4;1999;1
916;2;1958;2
916;2;1963;2
916;4;1954;1
917;3;1932;99
918;2;1975;2
918;5;1966;1
919;2;1963;2
919;3;1935;260
921;2;1928;2
922;3;1843;560
923;3;1912;1
924;3;1907;1
925;3;1930;260
926;3;1885;510
926;3;1890;431
927;3;1889;431
927;3;1890;431
928;3;1900;561
929;3;1888;431
931;3;1840;503
933;3;1840;503
934;3;1840;503
935;3;1840;1
936;4;1960;1
937;3;1840;503
938;3;1842;503
939;4;1958;1
940;3;1886;562
941;4;1847;1
942;3;1860;1
942;3;1913;563
942;3;1916;166
942;3;1934;260
942;3;1935;260
943;3;1949;260
944;3;1845;503
945;3;1938;564
946;3;1845;503
948;2;1937;2
948;3;1894;565
948;3;1895;565
948;3;1896;565
949;2;1936;2
950;2;1937;2
950;2;1938;2
950;2;1939;2
951;3;1900;565
952;3;1840;503
953;3;1845;503
953;3;1889;431
953;3;1900;565
954;3;1842;560
954;3;1850;503
954;3;1861;560
954;3;1880;25
954;3;1880;373
954;3;1881;25
954;3;1881;566
954;3;1881;567
956;3;1841;1
956;3;1853;560
956;3;1854;560
956;3;1890;431
956;4;1990;1
957;3;1839;503
959;3;1840;503
960;3;1839;503
962;2;1965;1
962;3;1839;503
1254;3;1882;373
1255;3;1831;375
1255;3;1882;373
1255;3;1926;99
1256;3;1926;99
1257;2;1993;429
1257;2;1994;429
1257;2;1995;429
1257;2;1996;429
1258;2;1956;2
1258;2;1969;2
1258;2;1977;2
1258;2;1999;2
1261;2;1982;429
1261;2;1989;429
1261;2;1990;429
1261;4;1980;1
1263;2;1986;2
1263;4;1984;1
1264;2;1975;2
1264;2;1992;429
1264;3;1831;374
1264;3;1882;373
1265;2;1978;429
1265;3;1929;99
1266;4;1929;1
1266;4;1957;1
1266;4;1958;1
1266;4;1963;1
1267;3;1833;1
1268;2;1983;1
1269;3;1898;338
1270;2;1988;429
1270;2;1989;429
1270;4;1987;1
1272;3;1824;388
1272;3;1824;426
1272;3;1825;427
1272;3;1874;1
1272;3;1879;1
1272;4;2000;1
1273;2;1978;2
1273;2;1985;2
1273;2;2000;429
1273;2;2001;2
1273;4;1976;1
1273;4;1987;1
1274;2;1980;2
1274;2;1981;2
1274;2;1982;2
1274;2;1986;2
1274;2;1993;2
1275;2;1954;2
1275;2;1955;2
1277;2;1968;684
1277;2;1974;2
1277;2;1976;2
1277;2;1978;2
1277;4;1930;1
1279;2;1979;2
1280;3;1903;1
1281;2;1991;2
1282;4;1994;1
1283;2;1988;429
1284;2;1979;2
1284;2;2001;2
1285;4;1964;1
1286;4;1983;1
1287;2;1977;2
1288;3;1882;314
1288;3;1900;314
1290;3;1944;312
1293;2;1998;429
1294;4;1879;1
1295;2;1986;429
1296;4;1991;1
1297;2;1993;2
1297;4;1992;1
1299;4;1995;1
1300;3;1825;376
1301;3;1907;99
1302;3;1898;295
1303;3;1896;295
1303;3;1897;295
1303;3;1898;295
1303;4;1958;1
1304;3;1897;295
1304;3;1898;295
1304;3;1901;295
1305;3;1817;422
1305;3;1822;422
1306;2;1966;2
1307;3;1901;295
1307;3;1906;315
1309;3;1901;316
1309;3;1902;311
1309;3;1904;317
1309;3;1936;20
1309;3;1936;322
1309;4;1870;1
1309;4;1951;1
1310;3;1903;311
1311;2;1982;2
1311;4;1980;1
1312;3;1901;316
1312;3;1902;316
1313;3;1886;382
1313;3;1888;382
1316;4;1952;1
1316;4;1953;1
1316;4;1954;1
1318;3;1885;1
1319;3;1897;292
1319;4;1893;1
1320;4;1937;1
1321;4;1854;1
1322;2;1968;683
1322;2;1970;2
1322;3;1826;1
1322;3;1854;1
1322;3;1856;1
1324;3;1854;294
1324;3;1897;292
1325;3;1898;292
1326;3;1902;1
1326;3;1903;1
1327;3;1909;166
1327;3;1910;166
1328;3;1871;1
1328;3;1886;332
1328;3;1890;332
1328;3;1896;22
1330;4;1992;1
1332;3;1870;383
1332;3;1936;99
1333;3;1875;384
1333;3;1900;381
1333;3;1901;385
1334;3;1827;379
1334;3;1838;377
1334;3;1838;378
1335;3;1932;99
1335;3;1933;99
1336;3;1838;378
1336;3;1925;99
1337;3;1875;383
1338;3;1860;387
1338;3;1874;334
1338;3;1874;384
1338;3;1875;334
1338;3;1875;384
1338;3;1880;386
1338;3;1890;334
1338;3;1890;384
1338;3;1891;334
1338;3;1891;384
1338;3;1892;334
1338;3;1892;384
1339;5;1912;1
1339;5;1917;1
1339;5;1972;1
1341;2;1962;2
1343;4;1966;1
1344;3;1857;380
1344;3;1906;381
1345;3;1906;381
1346;2;1968;2
1348;2;1977;2
1349;4;1995;1
1350;3;1881;292
1350;3;1885;292
1350;3;1885;293
1350;3;1897;292
1351;4;1927;1
1354;3;1900;295
1354;3;1901;295
1354;3;1902;295
1354;3;1903;295
1354;3;1907;295
1357;2;1967;1
1357;2;1968;1
1357;2;1969;1
1357;4;1953;1
1358;4;1880;1
1359;3;1855;1
1359;3;1894;292
1360;3;1841;1
1361;3;1930;99
1363;4;1938;1
1364;3;1903;120
1364;3;1903;333
1365;3;1875;334
1365;3;1876;335
1366;2;1983;2
1366;3;1907;1
1368;4;1989;1
1370;4;1991;1
1370;4;1995;1
1372;4;1988;1
1372;4;1989;1
1372;4;1990;1
1373;2;1986;2
1375;2;1963;2
1376;2;1977;2
1378;3;1900;338
1378;3;1900;389
1378;3;1900;392
1378;3;1900;393
1378;3;1901;392
1378;3;1901;393
1378;3;1902;338
1378;3;1902;389
1379;4;1972;1
1380;4;1972;1
1382;4;1975;1
1383;2;1973;2
1383;2;1975;2
1383;4;1971;1
1384;3;1844;388
1384;4;1930;1
1384;5;1912;1
1385;2;1982;2
1385;2;1985;2
1385;4;1935;1
1386;4;1937;1
1387;4;1985;1
1387;4;1990;1
1389;2;1980;2
1390;3;1861;319
1390;3;1920;320
1390;3;1920;321
1390;3;1930;1
1391;4;1994;1
1392;4;1807;1
1393;3;1899;295
1393;3;1902;295
1393;3;1903;99
1394;3;1898;292
1397;3;1835;1
1397;3;1896;1
1398;3;1878;336
1398;4;1953;1
1399;2;1951;2
1399;2;1980;2
1399;4;1911;1
1400;3;1898;292
1402;4;1890;1
1404;3;1890;292
1406;3;1893;292
1407;3;1804;1
1408;3;1893;292
1408;3;1894;292
1409;3;1889;1
1409;4;1864;1
1410;3;1879;1
1410;4;1834;1
1411;3;1804;1
1412;4;1868;1
1413;3;1805;1
1413;3;1810;1
1414;3;1865;337
1414;4;1880;1
1415;3;1865;337
1415;3;1870;336
1416;2;1978;683
1417;4;1920;1
1418;3;1895;292
1422;3;1898;331
1423;2;1980;2
1423;4;1979;1
1424;3;1897;331
1425;3;1897;419
1426;4;1930;1
1435;4;1926;1
1435;4;1955;1
1436;4;1937;1
1436;4;1950;1
1440;3;1902;99
1442;2;1976;2
1442;4;1975;1
1445;4;1992;1
1448;2;1962;2
1449;4;1976;1
1451;3;1906;323
1451;5;1979;1
1452;2;1972;2
1453;4;1967;1
1454;4;1952;1
1455;3;1928;323
1456;4;1961;1
1457;4;1968;1
1462;4;1817;1
1463;3;1888;336
1464;2;1961;2
1464;3;1904;99
1464;5;1961;1
1465;4;1955;1
1467;2;1962;2
1467;2;1966;2
1467;2;1980;2
1468;2;1962;2
1468;4;1963;1
1468;4;1977;1
1472;4;1984;1
1474;3;1881;418
1475;3;1903;295
1476;3;1880;330
1476;3;1881;418
1476;3;1911;99
1477;2;1941;328
1477;2;1960;2
1477;5;1979;1
1479;3;1881;418
1480;2;1981;2
1481;2;1969;2
1481;2;1971;2
1481;2;2001;2
1481;2;2002;2
1482;4;1976;1
1483;4;1969;1
1484;4;1980;1
1485;2;1954;2
1485;4;1920;1
1486;2;1979;2
1486;4;1900;1
1486;4;1945;1
1488;2;1955;2
1488;2;1980;2
1488;3;1837;325
1488;4;1952;1
1488;4;1997;1
1489;2;1973;2
1490;3;1884;326
1492;2;1944;328
1492;3;1845;1
1493;3;1835;1
1493;3;1846;324
1493;3;1862;325
1493;3;1883;326
1493;3;1905;323
1494;2;1936;2
1494;2;1937;2
1494;3;1890;1
1494;3;1939;327
1496;3;1878;329
1496;3;1878;330
1496;3;1897;323
1496;3;1899;323
1496;3;1900;323
1497;3;1921;99
1497;3;1924;99
1499;4;1984;1
1500;2;1988;2
1505;2;1949;328
1505;2;1951;328
1505;3;1898;338
1505;3;1899;389
1505;3;1899;390
1505;3;1934;20
1507;3;1913;1
1508;3;1881;295
1508;3;1907;421
1509;3;1925;166
1510;3;1919;166
1511;2;1998;2
1513;2;1972;2
1513;2;1992;2
1513;2;1993;2
1513;2;1994;2
1513;2;1996;2
1515;2;1997;2
1515;2;1998;2
1515;3;1934;99
1515;4;1933;1
1519;3;1925;166
1520;4;1947;1
1521;2;1979;2
1523;2;1957;420
1523;3;1900;338
1523;3;1917;166
1530;3;1937;1
1534;4;1905;1
1535;3;1919;166
1536;2;1978;2
1536;2;1979;2
1536;5;1971;1
1537;3;1926;166
1538;3;1913;166
1539;3;1913;166
1540;3;1921;166
1542;4;1937;1
1543;2;1982;2
1544;3;1936;268
1544;3;1937;268
1545;4;1948;1
1546;3;1819;570
1546;4;1998;1
1547;3;1819;570
1548;2;1927;53
1549;4;1937;1
1550;3;1898;26
1551;2;1941;42
1552;2;1953;2
1552;3;1898;287
1552;3;1934;42
1552;3;1935;42
1553;2;1953;2
1553;3;1934;42
1553;3;1935;42
1553;4;1902;1
1554;3;1831;1
1554;3;1911;1
1555;3;1920;428
1556;3;1903;53
1557;2;1948;2
1558;4;1933;1
1559;4;1970;1
1560;3;1825;1
1560;3;1831;696
1560;3;1885;234
1560;3;1887;1
1560;3;1939;472
1561;2;1992;154
1561;2;1993;154
1561;4;1965;1
1562;2;1936;2
1562;2;1970;2
1562;3;1887;459
1563;4;1970;1
1564;3;1827;1
1564;4;1839;1
1565;3;1887;218
1565;3;1887;372
1566;2;1988;2
1566;2;1989;2
1566;4;1987;1
1567;3;1878;1
1567;4;1882;1
1571;3;1829;1
1571;4;1967;1
1572;3;1896;81
1573;4;1979;2
1573;4;1982;1
1573;4;1983;1
1574;3;1882;81
1574;3;1883;81
1574;3;1884;167
1574;3;1903;535
1574;5;1909;1
1574;5;1975;1
1574;5;1977;1
1575;3;1894;1
1576;3;1888;81
1576;3;1896;81
1577;3;1889;218
1577;3;1896;81
1578;3;1896;81
1578;3;1897;81
1578;3;1898;217
1578;4;1927;1
1579;4;1995;1
1579;5;1972;1
1580;2;1981;2
1580;2;1982;2
1580;2;1985;2
1580;2;1992;2
1580;2;1994;2
1580;3;1895;81
1581;4;1957;2
1581;4;1959;2
1581;4;1970;2
1582;2;1926;53
1583;4;1958;1
1584;2;1972;2
1585;3;1901;439
1586;2;1959;440
1587;2;1959;440
1587;2;1971;2
1587;2;1972;2
1588;3;1901;439
1589;2;1959;440
1590;2;1922;53
1590;2;1923;53
1590;2;1924;53
1590;2;1925;53
1590;2;1926;53
1590;2;1929;53
1592;2;1924;53
1592;2;1937;53
1592;2;1955;2
1592;2;1957;2
1592;2;1978;1
1592;2;1979;1
1592;3;1910;1
1592;4;1948;1
1593;4;1937;53
1594;2;1932;53
1595;3;1898;97
1595;3;1898;394
1596;3;1800;1
1596;3;1836;1
1596;3;1891;1
1596;4;1948;1
1596;5;1980;1
1597;2;1985;2
1599;2;1931;53
1600;2;1973;2
1603;2;1950;2
1603;5;1949;1
1603;5;1950;1
1604;4;1985;1
1605;2;1920;53
1606;2;1925;53
1607;2;1927;53
1609;4;1979;1
1610;4;1991;1
1611;4;1980;1
1612;2;1982;2
1612;2;1983;2
1612;2;1984;2
1612;4;1975;1
1613;3;1834;1
1613;3;1919;1
1614;2;1980;2
1614;2;1981;2
1615;3;1836;1
1615;5;1936;1
1619;3;1895;45
1619;3;1909;54
1619;3;1911;54
1619;3;1957;20
1619;4;1956;1
1620;3;1930;53
1622;3;1938;53
1623;4;1960;1
1623;4;1962;1
1624;3;1910;1
1625;4;1988;1
1626;2;1993;154
1626;2;1996;2
1628;3;1935;472
1629;3;1902;309
1629;3;1902;697
1629;3;1935;472
1629;3;1935;627
1631;3;1853;1
1631;3;1893;588
1632;2;1990;154
1632;3;1893;459
1633;3;1901;309
1633;3;1901;697
1633;3;1904;698
1634;2;1980;2
1634;2;1984;2
1634;2;1985;2
1634;2;1991;2
1635;2;1970;2
1635;3;1827;308
1635;3;1859;1
1636;2;1988;154
1637;3;1857;1
1637;3;1893;1
1638;2;1967;2
1638;3;1914;1
1638;5;1967;1
1639;2;1995;154
1639;2;1996;154
1639;2;1997;154
1639;3;1889;473
1639;4;1969;1
1640;3;1892;588
1640;3;1892;589
1641;4;1927;1
1642;2;1948;2
1642;2;1949;2
1642;2;1974;154
1642;2;1976;154
1642;2;1979;154
1642;2;1982;154
1642;2;1988;2
1642;2;1989;2
1642;3;1813;1
1642;3;1822;1
1642;3;1852;1
1643;2;1949;2
1643;3;1948;153
1644;3;1829;1
1645;2;1969;2
1651;4;1987;1
1652;2;1984;2
1652;2;1989;2
1654;4;1900;1
1655;2;1964;2
1655;3;1896;442
1655;3;1897;442
1655;3;1898;442
1655;3;1901;442
1655;4;1952;1
1656;2;1962;2
1656;2;1963;2
1656;3;1896;442
1656;3;1899;442
1657;3;1897;442
1658;3;1895;442
1658;3;1896;442
1658;3;1897;442
1658;3;1901;442
1659;3;1897;442
1660;2;1929;300
1662;4;1935;1
1663;4;1825;1
1663;4;1831;1
1664;4;1957;1
1666;3;1888;1
1666;3;1889;1
1666;3;1908;1
1666;3;1922;300
1668;4;1956;1
1669;3;1869;1
1671;3;1892;142
1671;3;1893;142
1671;3;1895;142
1671;3;1897;26
1671;3;1898;26
1671;3;1901;26
1672;3;1899;26
1672;3;1900;26
1673;3;1894;1
1673;3;1920;1
1674;3;1882;456
1675;3;1937;268
1675;4;1933;1
1676;3;1825;399
1677;3;1897;288
1678;3;1815;1
1678;3;1829;1
1678;3;1936;1
1679;3;1822;1
1679;3;1889;1
1679;3;1890;1
1679;3;1907;125
1679;3;1912;1
1679;4;1984;1
1680;2;1923;2
1680;2;1950;2
1680;2;1955;2
1680;3;1909;2
1680;3;1910;2
1680;4;1829;1
1681;3;1882;1
1683;3;1824;399
1686;2;1950;42
1686;2;1952;42
1686;2;1964;2
1686;5;1952;1
1687;2;1969;2
1687;2;1972;2
1687;2;1973;2
1687;2;1974;2
1687;2;1975;2
1687;2;1976;2
1690;3;1924;301
1690;4;1989;1
1690;4;1991;1
1690;4;1998;1
1691;3;1908;301
1691;3;1909;301
1691;3;1910;301
1691;3;1911;301
1691;3;1912;301
1692;2;1970;2
1692;3;1911;301
1693;4;1911;1
1694;3;1832;346
1695;3;1910;301
1696;3;1867;1
1697;3;1932;1
1698;3;1831;568
1698;3;1910;301
1698;4;1827;1
1698;4;1842;1
1699;3;1906;301
1699;4;1948;1
1701;3;1826;1
1701;4;1883;1
1702;3;1835;1
1703;3;1860;1
1703;3;1933;302
1703;3;1933;303
1704;4;1904;1
1704;4;1959;1
1705;2;1951;440
1705;3;1888;459
1705;3;1889;459
1705;3;1893;459
1706;2;1936;2
1706;3;1888;459
1706;3;1889;459
1707;3;1830;1
1709;3;1836;1
1709;3;1843;1
1709;3;1865;618
1709;3;1866;619
1709;3;1868;619
1710;2;1985;154
1711;3;1935;584
1711;4;1923;584
1712;3;1887;1
1713;2;1997;2
1713;2;1998;2
1713;2;1999;2
1713;3;1928;153
1714;2;1947;2
1714;2;1962;2
1714;2;1964;2
1714;2;1965;2
1714;2;1966;2
1715;4;1821;1
1716;2;1957;2
1717;4;1833;1
1718;2;1974;2
1718;2;1975;2
1718;3;1820;620
1718;5;1977;1
1718;5;1978;1
1719;2;1994;2
1719;2;1995;2
1719;4;1982;1
1719;4;1983;1
1720;4;1984;1
1721;3;1896;288
1721;3;1935;153
1721;4;1914;1
1722;2;1956;2
1722;3;1880;235
1722;3;1886;234
1723;3;1881;235
1723;3;1882;235
1723;3;1886;234
1723;5;1984;1
1723;5;1985;1
1724;4;1985;1
1726;3;1824;1
1726;3;1846;1
1726;3;1911;1
1728;3;1911;257
1729;2;1994;2
1729;4;1993;1
1730;3;1910;254
1730;3;1921;255
1730;3;1925;166
1730;3;1928;256
1731;3;1846;1
1733;3;1830;1
1733;3;1846;1
1734;4;1985;1
1736;3;1911;1
1737;3;1909;236
1737;3;1910;236
1737;5;1935;1
1740;3;1903;1
1740;3;1904;1
1740;3;1908;1
1740;3;1910;1
1740;3;1912;1
1740;3;1913;1
1741;2;1973;2
1741;2;1974;2
1741;3;1850;1
1741;3;1860;1
1742;2;1973;2
1742;3;1907;160
1744;3;1830;1
1745;2;1985;2
1745;2;1986;2
1746;3;1824;1
1746;3;1826;1
1747;3;1815;1
1749;2;1987;1
1749;2;1988;2
1749;2;1989;2
1749;2;1990;2
1750;2;1979;2
1751;2;1987;1
1752;2;1963;2
1752;2;1965;2
1752;2;1980;2
1752;2;1981;2
1752;2;1982;2
1752;2;1983;2
1752;2;1999;2
1753;4;1976;1
1753;4;1977;1
1753;4;1991;1
1753;4;1993;1
1753;4;1994;1
1753;4;1996;1
1753;4;1997;1
1753;4;1998;1
1754;4;1975;1
1754;4;1989;1
1754;4;1991;1
1754;4;1993;1
1754;4;1994;1
1754;4;1995;1
1754;4;1996;1
1754;4;1997;1
1755;4;1907;1
1756;3;1803;7
1756;3;1804;7
1757;3;1890;1
1758;2;1968;2
1758;3;1830;8
1759;3;1927;9
1760;3;1927;9
1761;3;1929;9
1762;3;1965;10
1763;3;1930;3
1764;3;1925;9
1765;3;1953;11
1766;3;1910;12
1768;4;1955;1
1769;2;1930;128
1769;2;1930;680
1770;3;1906;15
1771;3;1886;16
1771;3;1886;504
1771;3;1930;17
1772;3;1937;20
1772;3;1937;564
1773;3;1889;97
1774;2;1959;2
1774;2;1979;2
1774;3;1911;130
1774;3;1913;130
1775;4;1937;1
1776;3;1843;1
1776;3;1848;1
1777;3;1890;98
1777;3;1890;692
1778;3;1904;99
1778;5;1904;1
1779;3;1952;100
1779;3;1970;131
1780;2;1960;2
1780;3;1804;7
1780;3;1804;93
1780;4;1962;1
1781;3;1896;102
1782;4;1962;1
1783;3;1870;103
1785;4;1929;1
1786;2;1931;99
1787;2;1941;20
1788;3;1914;104
1789;3;1772;105
1790;3;1815;105
1790;3;1815;106
1791;3;1913;99
1792;3;1904;672
1792;3;1913;99
1792;3;1953;685
1792;3;1953;686
1792;4;1947;1
1792;4;1977;1
1792;4;1978;1
1793;3;1933;99
1794;4;1808;107
1794;4;1832;1
1795;4;1963;1
1796;3;1829;109
1796;3;1921;15
1797;3;1885;473
1797;3;1939;25
1799;3;1902;112
1799;3;1903;112
1800;3;1888;17
1801;3;1898;113
1801;3;1899;113
1802;3;1923;15
1803;3;1816;1
1803;3;1902;114
1804;3;1907;15
1804;3;1951;25
1804;4;1905;1
1804;4;1906;1
1804;4;1912;1
1804;4;1913;1
1804;4;1914;1
1804;4;1916;1
1804;4;1926;1
1805;3;1885;17
1806;3;1827;1
1806;3;1837;115
1806;3;1837;688
1806;3;1887;116
1806;3;1889;17
1806;3;1893;113
1806;3;1893;117
1806;3;1893;118
1806;3;1893;120
1806;3;1898;113
1806;3;1900;113
1807;3;1915;15
1808;4;1925;1
1809;3;1897;113
1809;3;1905;113
1810;3;1836;6
1811;3;1939;119
1811;3;1939;135
1812;3;1886;120
1813;3;1962;17
1813;3;1969;17
1813;3;1971;17
1814;2;1971;2
1814;3;1977;121
1814;4;1969;1
1815;3;1970;122
1816;2;1975;2
1816;2;1976;2
1816;2;1977;2
1816;4;1991;1
1817;3;1896;112
1817;3;1896;113
1818;3;1903;113
1819;3;1901;36
1820;3;1823;1
1820;3;1877;617
1820;3;1899;1
1820;3;1904;1
1820;4;1995;1
1825;2;1983;2
1825;2;1984;2
1825;2;1986;2
1829;3;1919;15
1829;3;1925;15
1830;3;1863;124
1830;3;1863;689
1830;3;1895;120
1830;3;1929;15
1831;3;1881;6
1832;4;1962;1
1833;3;1836;1
1833;3;1845;133
1833;3;1883;17
1833;4;1967;1
1834;3;1902;125
1834;3;1903;125
1834;3;1911;134
1835;4;1843;1
1836;3;1891;22
1836;3;1893;22
1837;3;1882;116
1837;3;1882;473
1837;3;1882;527
1838;3;1880;127
1838;3;1884;22
1839;3;1893;127
1840;2;1970;2
1840;2;1976;2
1840;2;1990;2
1840;2;1993;2
1840;3;1882;116
1840;3;1935;128
1840;3;1938;135
1840;4;1936;1
1840;4;1989;1
1841;3;1931;1
1842;3;1892;116
1842;3;1964;17
1842;4;1881;1
1842;4;1982;1
1842;4;1983;1
1842;4;1984;1
1842;4;1985;1
1842;4;1986;1
1843;2;1983;2
1843;2;1984;2
1843;2;1985;2
1843;2;1986;2
1843;3;1967;17
1843;4;1991;1
1844;2;1978;17
1844;3;1891;22
1845;3;1889;22
1846;4;1971;1
1847;3;1922;3
1848;4;1876;1
1850;3;1881;3
1850;3;1883;3
1850;3;1884;3
1851;3;1927;3
1852;3;1927;3
1853;3;1904;3
1854;3;1809;136
1854;3;1882;3
1855;3;1882;129
1856;3;1882;3
1857;3;1888;3
1858;3;1805;1
1858;3;1932;3
1858;3;1933;3
1859;3;1712;4
1859;3;1723;5
1859;3;1775;6
1859;3;1879;3
1859;3;1880;3
1859;3;1915;3
1859;3;1922;3
1860;3;1885;3
1860;3;1910;19
1861;3;1892;3
1861;3;1899;3
1861;3;1900;19
1861;3;1902;19
1861;4;1986;1
1861;4;1996;1
1862;3;1896;19
1863;2;1950;21
1864;3;1892;22
1864;3;1893;22
1865;3;1880;3
1867;3;1881;3
1868;2;1972;2
1868;3;1836;1
1868;3;1861;23
1868;3;1866;24
1868;3;1931;25
1868;3;1956;25
1869;3;1882;3
1869;3;1900;19
1873;3;1924;660
1877;3;1900;1
1877;3;1901;1
1881;2;1970;2
1881;2;1977;2
1881;3;1931;658
1881;3;1934;658
1883;3;1897;1
1883;3;1898;1
1884;3;1820;44
1884;3;1821;44
1885;3;1897;707
1887;3;1896;47
1888;3;1885;48
1889;3;1833;49
1889;3;1863;51
1889;3;1881;50
1890;3;1882;52
1891;3;1953;1
1892;3;1850;43
1893;2;1967;2
1893;2;1968;2
1893;2;1974;2
1899;4;1935;1
1900;3;1912;59
1900;3;1915;59
1901;3;1920;59
1909;4;1956;63
1914;4;1931;1
1917;3;1885;40
1917;3;1902;592
1918;3;1860;1
1919;3;1882;48
1919;3;1941;72
1920;4;1930;1
1921;4;1976;1
1922;2;1926;366
1923;3;1926;77
1923;3;1930;78
1927;3;1893;37
1933;2;1974;2
1933;3;1905;48
1933;3;1905;155
1935;2;1973;2
1935;4;1928;1
1935;4;1951;1
1935;4;1960;1
1935;4;1961;1
1935;4;1970;1
1935;4;1971;1
1935;4;1984;2
1936;3;1791;90
1936;4;1970;1
1937;3;1787;90
1937;3;1787;91
1937;3;1789;90
1937;3;1789;91
1938;3;1788;90
1939;3;1789;90
1939;3;1791;90
1940;3;1789;90
1941;4;1789;1
1943;3;1881;3
1945;3;1890;92
1946;2;1982;2
1946;2;1983;2
1947;3;1906;1
1947;3;1924;3
1948;3;1842;1
1948;3;1843;1
1949;2;1975;2
1949;2;1976;2
1949;2;1977;2
1949;2;1978;2
1949;2;1979;2
1949;2;1980;2
1949;2;1981;2
1950;4;1932;1
1951;3;1799;93
1952;3;1832;94
1953;3;1789;90
1954;4;1971;1
1955;2;1925;53
1955;3;1925;95
1956;3;1892;19
1957;3;1896;19
1958;3;1897;19
1958;4;1979;1
1959;4;1923;1
1960;3;1914;137
1960;3;1920;137
1960;4;1893;1
1961;3;1920;137
1962;3;1927;137
1963;3;1816;138
1963;3;1816;139
1963;3;1817;138
1963;3;1817;139
1964;4;1932;137
1965;4;1916;1
1965;4;1931;140
1967;4;1903;1
1968;3;1840;141
1969;4;1898;1
1970;4;1907;137
1971;5;1932;1
1972;3;1923;657
1972;3;1924;657
1972;3;1925;657
1972;4;1938;1
1973;3;1890;48
1973;3;1922;653
1974;4;1952;1
1975;4;1942;1
1979;3;1865;43
1979;3;1888;148
1980;3;1953;1
1981;3;1901;48
1981;3;1901;155
1981;3;1902;48
1981;3;1902;155
1982;4;1930;1
1982;4;1932;1
1982;4;1939;1
1982;4;1949;1
1982;4;1985;1
1983;3;1899;149
1983;3;1900;149
1983;3;1900;708
1983;3;1901;149
1983;3;1901;708
1984;3;1913;150
1984;3;1913;151
1985;3;1880;152
1988;3;1908;155
1989;3;1827;49
1989;3;1828;49
1990;3;1829;49
1990;4;1938;1
1991;2;1959;2
1991;3;1904;48
1991;3;1905;48
1992;2;1929;2
1992;2;1950;2
1992;2;1951;2
1992;2;1952;2
1992;2;1953;2
1992;2;1954;2
1992;2;1955;2
1992;2;1956;2
1992;2;1957;2
1992;2;1958;2
1992;3;1913;48
2001;2;1976;2
2002;3;1920;1
2002;3;1930;1
2002;3;1931;112
2003;3;1905;663
2012;3;1925;1
2012;3;1935;165
2013;4;1929;1
2013;4;1934;1
2014;3;1915;166
2014;4;1914;1
2015;4;1900;1
2017;3;1932;20
2018;3;1932;137
2018;4;1931;1
2019;4;1873;1
2021;3;1896;167
2022;2;1965;2
2022;2;1967;2
2022;3;1878;1
2023;3;1890;167
2025;4;1904;168
2025;4;1915;168
2026;3;1791;169
2026;3;1791;170
2026;3;1832;171
2026;3;1897;167
2027;3;1890;167
2027;4;1963;1
2027;4;1965;1
2028;3;1890;167
2029;3;1900;172
2029;3;1909;166
2030;4;1913;1
2031;2;1949;2
2031;2;1951;2
2031;3;1882;173
2031;3;1935;20
2032;5;1888;174
2033;3;1845;1
2036;4;1944;1
2037;2;1981;2
2042;3;1830;182
2042;3;1834;182
2042;3;1878;48
2042;3;1891;48
2042;3;1892;48
2042;3;1896;48
2042;3;1896;155
2042;3;1896;183
2042;3;1897;48
2057;3;1876;1
2059;2;1957;2
2060;1;1964;2
2060;1;1965;2
2060;1;1966;2
2060;1;1967;2
2060;1;1968;2
2060;1;1969;2
2060;1;1970;2
2060;1;1971;2
2060;1;1972;2
2060;1;1973;2
2060;1;1974;2
2060;1;1975;2
2060;2;1962;2
2060;4;1960;1
2060;4;1961;1
2061;3;1897;192
2062;4;1902;1
2062;4;1955;1
2065;4;1954;1
2065;4;1965;1
2066;2;1980;2
2066;3;1864;193
2066;4;1979;1
2069;3;1906;196
2069;3;1907;194
2069;3;1907;195
2069;3;1908;195
2069;5;1916;1
2070;3;1831;197
2070;3;1925;17
2071;3;1860;198
2071;3;1861;198
2071;3;1862;198
2072;5;1934;1
2073;3;1878;199
2073;3;1901;196
2073;3;1910;201
2073;3;1929;200
2074;4;1966;1
2074;4;1985;1
2075;3;1912;1
2076;3;1885;204
2076;3;1906;203
2076;5;1900;202
2077;3;1892;205
2077;3;1892;206
2077;3;1892;207
2077;3;1893;205
2077;3;1893;206
2077;3;1893;207
2077;3;1899;112
2077;3;1900;112
2077;3;1902;112
2077;3;1904;208
2077;3;1907;208
2078;3;1903;203
2078;3;1904;15
2078;3;1904;112
2078;3;1904;113
2079;3;1904;209
2079;3;1934;210
2079;3;1934;211
2080;5;1892;167
2081;3;1890;1
2082;3;1890;212
2083;4;1857;1
2089;4;1944;1
2095;3;1884;48
2096;3;1881;1
2097;3;1903;48
2098;2;1980;2
2101;2;1960;1
2101;2;1961;1
2101;3;1864;216
2111;3;1905;208
2111;3;1906;208
2111;5;1900;1
2112;5;1891;167
2113;4;1884;1
2114;4;1900;1
2117;2;1955;2
2118;5;1891;167
2119;5;1894;167
2121;2;1951;1
2133;2;1938;232
2133;3;1877;48
2133;3;1881;48
2133;3;1882;48
2135;5;1890;167
2136;3;1902;237
2137;3;1883;117
2137;4;1988;1
2138;5;1889;167
2139;3;1883;117
2139;4;1873;1
2139;4;1985;1
2140;3;1885;117
2141;3;1885;117
2141;3;1901;117
2142;5;1892;167
2142;5;1894;167
2143;3;1887;117
2144;3;1886;117
2146;3;1887;117
2147;2;1975;2
2147;4;1985;1
2147;4;1993;1
2149;5;1890;167
2149;5;1891;167
2150;5;1891;167
2151;4;1935;1
2151;5;1885;174
2152;3;1906;203
2152;4;1989;1
2152;4;1990;1
2152;5;1897;167
2154;3;1885;117
2154;3;1886;1
2155;5;1889;167
2155;5;1891;167
2156;3;1870;1
2156;5;1893;167
2156;5;1894;167
2157;4;1896;1
2157;4;1897;1
2159;5;1891;202
2159;5;1893;202
2159;5;1894;202
2159;5;1897;202
2160;5;1893;167
2164;5;1891;167
2164;5;1894;167
2165;5;1891;167
2166;4;1910;1
2170;3;1887;239
2173;3;1886;117
2173;5;1890;167
2174;5;1892;167
2178;3;1894;47
2180;3;1900;47
2182;2;1969;2
2187;4;1935;1
2188;2;1954;2
2189;3;1904;245
2190;2;1953;2
2190;3;1886;48
2191;3;1911;1
2192;2;1954;2
2192;3;1866;499
2194;3;1900;246
2194;3;1902;247
2194;4;1980;1
2195;3;1914;223
2213;3;1885;117
2214;4;1881;1
2215;4;1881;1
2215;5;1891;167
2215;5;1892;167
2216;3;1887;117
2222;2;1991;2
2222;2;1992;2
2222;2;1993;2
2222;2;1994;2
2222;2;1998;2
2222;4;1989;1
2222;5;1885;174
2222;5;1972;1
2226;3;1884;117
2226;5;1889;167
2228;4;1951;1
2230;4;1875;1
2231;3;1899;125
2231;3;1899;192
2231;3;1899;261
2231;3;1899;262
2231;3;1901;125
2232;3;1899;261
2233;2;1951;2
2233;3;1834;195
2234;3;1840;1
2234;3;1887;40
2235;3;1911;155
2236;3;1903;223
2236;3;1904;223
2245;2;1935;268
2245;4;1936;1
2246;3;1892;269
2246;3;1909;237
2247;3;1805;270
2247;4;1937;1
2247;4;1951;1
2247;4;1955;1
2247;4;1959;1
2248;4;1863;1
2248;4;1956;1
2249;2;1991;2
2249;4;1872;1
2250;3;1909;166
2251;4;1868;1
2252;4;1876;1
2252;4;1994;1
2253;4;1923;1
2255;2;1953;2
2257;4;1934;1
2258;4;1937;1
2260;5;1892;167
2260;5;1967;1
2262;4;1934;1
2263;2;1954;2
2264;2;1978;2
2264;3;1860;271
2265;3;1832;272
2266;5;1892;167
2267;3;1914;166
2268;2;1988;2
2269;3;1907;36
2270;3;1894;37
2271;4;1951;1
2272;3;1903;48
2282;3;1913;166
2283;4;1885;1
2286;3;1894;167
2286;5;1890;167
2286;5;1891;167
2286;5;1892;167
2286;5;1893;167
2287;5;1890;167
2288;5;1894;167
2288;5;1896;167
2289;4;1886;1
2290;3;1845;1
2292;4;1954;1
2293;3;1894;277
2294;3;1897;278
2295;3;1756;1
2296;3;1973;279
2296;4;1934;1
2297;3;1809;280
2297;3;1898;278
2297;3;1906;281
2297;3;1917;166
2297;3;1918;277
2297;3;1938;20
2297;3;1938;165
2297;4;1918;1
2297;5;1937;1
2298;4;1896;1
2298;4;1955;1
2299;2;1951;2
2300;2;1951;2
2301;3;1907;15
2302;3;1904;278
2302;3;1904;282
2302;4;1909;1
2302;4;1961;1
2303;3;1914;166
2304;3;1916;15
2304;3;1916;166
2305;3;1892;277
2305;3;1893;277
2305;3;1900;278
2307;3;1856;80
2309;2;1939;1
2313;3;1886;48
2313;3;1886;286
2313;5;1980;1
2315;3;1906;1
2315;3;1906;15
2316;3;1893;277
2317;3;1893;277
2317;3;1905;278
2317;3;1906;281
2317;3;1907;281
2318;2;1951;2
2319;3;1934;268
2319;4;1932;1
2319;4;1934;137
2320;3;1891;277
2321;4;1924;1
2322;3;1918;166
2323;3;1893;278
2323;3;1893;287
2323;3;1894;277
2324;4;1912;1
2325;4;1866;1
2326;3;1899;674
2327;3;1886;473
2328;3;1903;112
2328;4;1981;1
2328;4;1982;1
2329;3;1905;36
2333;3;1884;48
2336;4;1934;1
2336;4;1935;1
2337;4;1934;1
2338;4;1949;1
2339;4;1927;1
2340;3;1864;216
2341;2;1988;2
2341;2;1989;2
2341;2;1990;2
2341;2;1991;2
2341;3;1900;168
2341;3;1902;168
2341;3;1903;168
2341;3;1904;168
2341;3;1905;168
2341;3;1906;168
2341;3;1907;168
2341;3;1908;168
2341;3;1909;168
2341;3;1910;168
2341;3;1912;168
2341;3;1913;168
2341;3;1914;168
2341;3;1915;168
2341;3;1916;168
2341;3;1917;168
2341;3;1924;290
2341;3;1926;166
2342;2;1991;2
2342;3;1900;168
2342;3;1901;168
2342;3;1902;168
2342;3;1903;168
2342;3;1905;168
2342;3;1906;168
2342;3;1907;168
2342;3;1908;168
2342;3;1910;168
2342;3;1912;168
2342;3;1913;168
2342;3;1915;168
2343;2;1978;2
2343;2;1981;2
2343;3;1899;168
2343;3;1900;168
2343;3;1902;168
2343;3;1904;168
2343;3;1905;168
2343;3;1906;168
2343;3;1909;168
2343;3;1930;291
2345;3;1902;168
2345;3;1905;168
2345;3;1906;168
2345;3;1908;168
2346;3;1907;168
2346;3;1909;168
2348;3;1881;292
2348;3;1885;292
2349;4;1936;1
2366;2;1983;2
2366;2;1994;2
2366;3;1907;301
2366;3;1908;301
2366;5;1902;1
2367;3;1903;654
2367;3;1904;655
2367;3;1904;656
2367;4;1953;1
2368;2;1941;2
2368;2;1989;2
2368;4;1935;1
2369;2;1971;2
2369;2;1972;2
2369;2;1990;2
2374;2;1953;1
2374;2;1954;1
2374;2;1956;1
2374;2;1957;1
2375;4;1901;1
2375;4;1979;1
2378;5;1951;1
2379;3;1880;307
2380;3;1845;706
2380;3;1899;707
2381;2;1972;2
2384;2;1972;2
2384;2;1975;2
2384;3;1896;47
2387;3;1837;598
2387;3;1838;598
2387;3;1839;598
2387;3;1868;156
2388;3;1837;598
2388;5;1930;1
2391;2;1976;2
2391;2;1993;2
2391;2;1994;2
2391;3;1880;48
2394;4;1933;1
2395;3;1938;1
2402;3;1884;1
2406;3;1870;313
2407;4;1905;1
2408;3;1900;1
2409;3;1910;339
2410;2;1950;343
2410;4;1900;1
2410;4;1912;1
2410;4;1928;1
2411;3;1830;341
2411;3;1873;465
2412;3;1872;465
2414;2;1946;343
2414;2;1946;344
2414;3;1837;598
2414;3;1945;112
2414;5;1971;1
2416;2;1914;31
2417;3;1880;48
2417;4;1845;1
2422;3;1921;349
2425;3;1900;351
2425;3;1901;351
2425;3;1909;1
2426;4;1935;1
2428;3;1910;342
2429;4;1950;1
2430;3;1842;353
2430;3;1880;352
2430;3;1890;342
2434;4;1901;1
2434;4;1964;1
2435;4;1908;1
2438;2;1926;2
2438;2;1927;2
2438;2;1931;2
2438;2;1935;2
2438;2;1936;2
2438;2;1939;2
2439;2;1987;2
2441;4;1934;1
2450;2;1978;2
2454;4;1939;1
2455;3;1903;155
2455;3;1904;155
2456;3;1937;364
2457;4;1936;1
2459;3;1882;365
2459;3;1886;149
2460;2;1986;2
2460;3;1884;48
2460;3;1884;149
2460;3;1884;365
2460;3;1885;149
2460;3;1885;365
2460;4;1862;1
2464;2;1938;366
2465;3;1883;606
2465;3;1885;40
2465;3;1886;37
2469;3;1883;48
2470;2;1966;2
2470;2;1975;2
2470;2;1976;2
2470;3;1850;1
2471;4;1888;1
2472;2;1950;2
2475;3;1901;316
2475;3;1902;316
2476;3;1894;1
2477;2;1939;1
2477;2;1940;1
2481;4;1902;1
2482;3;1928;597
2495;2;1953;2
2495;4;1939;1
2504;3;1861;669
2504;3;1861;670
2504;3;1886;48
2504;4;1980;1
2508;4;1972;1
2510;4;1944;1
2511;4;1954;1
2512;3;1894;73
2512;3;1894;408
2512;3;1897;48
2512;3;1900;409
2513;3;1910;410
2514;3;1820;221
2514;3;1900;224
2515;2;1972;2
2515;4;1960;1
2516;3;1872;1
2518;3;1911;416
2518;3;1912;416
2518;4;1850;1
2520;4;1936;1
2520;4;1937;1
2521;4;1934;1
2522;3;1925;1
2524;3;1913;166
2524;3;1919;99
2526;2;1974;2
2534;4;1906;1
2535;3;1905;323
2537;3;1924;1
2538;4;1860;1
2538;4;1901;1
2539;3;1894;292
2540;4;1838;1
2541;4;1935;1
2542;3;1902;323
2542;3;1910;99
2542;3;1910;166
2542;3;1911;99
2542;3;1912;99
2543;3;1881;418
2544;3;1891;1
2546;3;1838;1
2546;3;1909;166
2546;3;1909;432
2546;3;1911;432
2551;3;1928;437
2551;3;1928;438
2551;4;1983;1
2551;4;1984;1
2551;4;1985;1
2553;4;1939;1
2554;2;1939;2
2555;2;1982;2
2555;2;1983;2
2555;4;1982;1
2559;4;1965;1
2576;2;1970;2
2576;3;1950;449
2577;4;1922;1
2625;3;1842;1
2632;3;1882;474
2632;3;1909;432
2633;3;1938;644
2634;2;1985;2
2634;3;1913;1
2634;4;1932;1
2634;4;1979;1
2635;2;1935;2
2635;2;1985;2
2635;3;1918;477
2636;2;1968;475
2636;3;1931;475
2637;4;1950;1
2637;4;1952;1
2638;3;1845;476
2639;3;1920;477
2641;3;1913;1
2643;3;1812;652
2645;3;1834;1
2645;3;1864;479
2647;4;1925;1
2648;4;1930;1
2648;4;1936;1
2648;4;1939;1
2649;3;1908;480
2650;3;1865;481
2650;3;1911;166
2650;3;1911;432
2651;3;1912;432
2652;3;1877;474
2652;3;1878;474
2652;3;1902;432
2652;3;1912;166
2653;2;1996;2
2653;3;1912;482
2657;4;1962;1
2658;3;1854;1
2659;3;1906;483
2659;5;1904;1
2660;3;1905;432
2660;3;1906;483
2660;5;1900;484
2660;5;1904;484
2661;3;1906;125
2661;3;1906;485
2662;3;1829;486
2662;3;1878;489
2662;3;1886;487
2662;3;1886;488
2662;3;1887;487
2662;3;1887;488
2662;3;1888;167
2662;3;1888;487
2662;3;1888;488
2662;5;1934;1
2664;3;1886;478
2665;2;1956;490
2665;3;1861;1
2665;3;1916;166
2666;4;1860;1
2666;4;1907;1
2669;3;1891;1
2670;3;1927;574
2671;3;1960;1
2672;3;1892;458
2673;3;1892;223
2676;3;1893;223
2677;3;1949;593
2678;3;1894;37
2680;4;1869;1
2683;3;1883;40
2684;3;1904;595
2684;3;1906;596
2685;3;1833;1
2686;2;1968;2
2686;4;1932;1
2687;2;1983;2
2687;3;1838;598
2688;3;1841;598
2688;3;1841;664
2689;3;1879;601
2691;3;1895;604
2691;3;1896;604
2692;3;1894;604
2694;3;1910;358
2694;3;1911;1
2694;3;1930;1
2695;4;1950;1
2696;4;1934;1
2698;3;1893;37
2699;3;1907;36
2701;3;1894;162
2702;3;1905;36
2703;3;1904;36
2704;3;1907;36
2705;3;1900;36
2707;3;1906;1
2709;3;1884;40
2714;3;1920;1
2715;3;1827;1
2715;3;1837;598
2715;3;1838;598
2715;3;1934;112
2715;4;1939;1
2716;3;1838;598
2716;3;1863;613
2717;3;1838;598
2717;3;1860;662
2720;4;1851;1
2721;3;1837;598
2721;3;1865;156
2722;3;1880;43
2722;3;1880;614
2723;3;1902;1
2725;3;1903;1
2729;3;1832;1
2730;3;1835;1
2730;3;1890;1
2731;3;1834;1
2731;3;1879;1
2731;3;1885;1
2731;3;1888;1
2732;2;1938;2
2732;3;1834;1
2732;3;1841;1
2732;3;1898;1
2733;3;1844;1
2734;3;1844;1
2734;3;1879;1
2735;3;1820;1
2735;3;1823;1
2735;3;1838;1
2735;3;1839;1
2735;3;1840;1
2735;3;1841;1
2736;3;1835;1
2736;3;1836;1
2736;3;1867;1
2737;2;1961;440
2737;3;1833;1
2737;3;1867;1
2738;3;1883;1
2739;3;1830;1
2739;4;1985;1
2740;2;1957;2
2740;4;1928;1
2740;4;1955;1
2741;3;1907;621
2741;3;1908;621
2742;2;1958;2
2742;2;1959;2
2742;3;1862;695
2742;3;1904;621
2742;3;1905;621
2742;3;1906;621
2742;3;1906;622
2742;4;1980;1
2744;3;1929;580
2744;5;1961;1
2748;3;1963;625
2749;3;1936;74
2750;4;1938;1
2752;3;1895;37
2753;3;1883;1
2756;4;1941;1
2757;2;1920;2
2757;2;1921;2
2757;3;1886;81
2757;3;1891;628
2757;3;1903;629
2757;3;1920;630
2759;2;1937;2
2759;3;1791;1
2760;4;1950;1
2761;3;1854;1
2762;3;1912;166
2764;3;1909;632
2765;3;1803;710
2765;3;1911;632
2765;3;1911;633
2766;3;1908;1
2767;3;1878;634
2767;3;1907;632
2768;3;1913;632
2769;3;1925;635
2770;3;1907;636
2770;3;1911;2
2771;3;1789;1
2771;3;1873;1
2772;4;1953;1
2772;4;1978;1
2773;3;1870;637
2774;2;1928;2
2775;4;1904;1
2776;3;1892;167
2777;3;1874;637
2780;3;1875;637
2780;3;1892;167
2780;3;1895;167
2781;3;1895;167
2782;3;1835;1
2783;3;1910;1
2783;5;1992;1
2784;2;1933;2
2784;3;1910;1
2788;3;1909;17
2788;3;1909;639
2789;2;1959;2
2789;4;1950;1
2789;4;1963;1
2790;2;1995;2
2790;4;1934;1
2790;4;1965;1
2792;3;1875;1
2794;2;1985;2
2795;3;1894;1
2796;2;1970;2
2796;3;1903;167
2796;3;1903;640
2799;5;1985;1
2800;3;1909;81
2801;2;1939;2
2802;2;1936;2
2802;2;1937;2
2803;2;1934;641
2803;5;1928;1
2804;3;1907;81
2804;5;1980;1
2804;5;1988;1
2805;3;1908;81
2806;3;1812;270
2807;3;1833;1
2807;3;1834;1
2807;3;1839;1
2807;3;1870;1
2808;3;1890;642
2809;2;1928;641
2810;2;1960;666
2810;2;1961;2
2810;3;1882;167
2810;3;1883;167
2810;3;1928;20
2812;3;1857;1
2812;3;1866;1
2812;3;1893;1
2813;2;1951;641
2813;3;1903;643
2813;5;1950;1
2814;3;1935;644
2814;4;1959;1
2815;3;1830;645
2817;3;1923;646
2819;3;1874;1
2819;3;1881;1
2820;3;1845;1
2820;3;1881;1
2820;3;1883;1
2821;3;1903;643
2822;3;1897;167
2822;3;1898;167
2823;3;1916;2
2824;3;1921;2
2824;4;1963;1
2824;4;1964;1
2824;4;1965;1
2824;4;1966;1
2824;4;1967;1
2825;3;1831;647
2825;3;1921;2
2827;2;1933;2
2828;3;1885;167
2828;3;1891;167
2829;3;1886;648
2830;3;1899;167
2831;3;1898;167
2832;3;1897;167
2833;3;1896;167
2833;3;1897;167
2834;3;1897;1
2835;3;1868;1
2836;3;1897;167
2837;3;1896;167
2838;3;1896;167
2839;3;1883;167
2840;3;1883;167
2841;3;1890;1
2841;3;1891;1
2841;3;1892;649
2842;3;1902;650
2842;3;1903;650
2842;3;1904;650
2842;3;1905;650
2842;3;1906;650
2842;4;1850;1
2843;3;1906;650
2844;3;1907;650
2844;3;1908;650
2845;2;1934;2
2846;5;1997;1
2847;2;1933;2
2847;2;1934;2
2847;3;1865;1
2847;3;1907;1
2849;3;1887;167
2850;2;1951;2
2850;2;1986;2
2850;3;1885;167
2850;3;1886;167
2850;3;1888;167
2851;3;1838;651
2851;3;1883;167
2851;3;1889;167
2852;3;1884;167
2852;3;1885;167
2853;3;1887;167
2853;3;1888;167
2854;3;1888;167
2854;3;1889;167
2855;3;1889;167
2856;3;1889;167
2857;3;1883;167
2857;3;1887;167
2857;3;1893;167
2858;3;1883;167
2859;3;1883;167
2859;3;1886;167
2859;3;1891;167
2860;3;1883;167
2861;3;1886;167
2862;3;1887;167
2864;5;1887;167
2865;3;1887;167
2866;3;1887;167
2867;3;1885;167
2868;3;1885;167
2869;3;1885;167
2870;3;1885;167
2871;3;1884;167
2871;3;1887;167
2871;3;1890;167
2872;3;1884;167
2872;3;1887;167
2872;3;1890;167
2873;3;1884;167
2874;3;1884;167
2875;3;1894;167
2876;4;1993;1
2877;3;1894;167
2878;3;1894;167
2879;3;1908;81
2880;3;1894;167
2880;3;1908;81
2881;3;1907;81
2881;3;1908;81
2882;3;1907;81
2882;3;1908;81
2883;3;1907;81
2883;3;1908;81
2884;2;1957;2
2887;2;1953;2
2887;4;1938;1
2888;4;1901;1
2889;4;1960;1
2889;4;1966;1
2892;4;1961;1
2894;2;1987;2
2895;2;1987;2
2895;2;1988;2
2897;2;1990;2
2897;4;1965;1
2897;4;1979;1
2897;4;1985;1
2897;4;1987;1
2897;4;1988;1
2899;2;1980;2
2899;2;1984;2
2899;2;1988;2
2899;2;1990;2
2899;2;1993;2
2899;2;1994;2
2899;2;1998;2
2899;2;2000;2
2899;2;2001;2
2899;4;1997;1
2903;5;1978;1
2904;4;1934;1
2905;4;1985;1
2906;2;1960;232
2907;2;1926;653
2907;3;1885;1
2907;3;1899;614
2908;4;1936;1
2908;4;1980;1
2909;3;1909;1
2910;4;1985;1
2911;2;1984;2
2911;2;1985;2
2912;3;1885;659
2912;3;1886;659
2913;4;1971;1
2914;2;1969;232
2915;5;1955;1
2916;3;1926;1
2917;3;1936;112
2918;2;1984;2
2919;2;1976;2
2920;2;1969;2
2921;2;1956;440
2921;4;1954;1
2924;2;1957;2
2925;4;1957;1
2926;4;1958;1
2926;4;1963;1
2927;4;1955;1
2927;4;1957;1
2928;2;1961;2
2928;4;1937;1
2928;4;1958;1
2928;4;1959;1
2928;4;1960;1
2928;4;1961;1
2928;4;1962;1
2929;4;1955;1
2929;4;1958;1
2929;4;1959;1
2930;2;1958;440
2931;4;1940;1
2932;4;1963;1
2933;2;1964;2
2934;5;1967;1
2935;4;1967;1
2936;2;1965;2
2937;2;1984;2
2937;2;1985;2
2937;2;1988;2
2937;4;1858;1
2938;2;1984;2
2939;2;1989;2
2939;4;1985;1
2940;2;1988;2
2940;4;1985;1
2941;2;1986;2
2942;2;1986;2
2942;2;1987;2
2942;4;1998;1
2943;2;1986;2
2943;2;1988;2
2944;4;1986;1
2945;2;1986;2
2946;4;1975;1
2946;4;1987;1
2947;4;1987;1
2948;2;1989;2
2951;4;1989;1
2952;4;1990;1
2953;4;1990;1
2954;4;1990;1
2955;4;1990;1
2956;4;1990;1
2957;2;1999;2
2957;4;1983;1
2957;4;1985;1
2957;4;1991;1
2958;2;1991;2
2958;2;1994;2
2959;4;1980;1
2960;4;1980;1
2961;2;1992;2
2961;3;1990;2
2961;3;1991;2
2962;4;1993;1
2963;2;1993;2
2964;2;1994;2
2964;2;1997;2
2964;4;1993;1
2964;4;1996;1
2965;2;1995;2
2965;2;1996;2
2965;2;1997;2
2965;2;1998;2
2965;2;1999;2
2966;4;1994;1
2967;2;1994;2
2967;2;1995;2
2968;4;1994;1
2969;2;1994;2
2970;4;1994;1
2971;2;1995;2
2971;3;1871;111
2972;2;1995;2
2972;2;1996;2
2972;2;1997;2
2972;2;1998;2
2973;4;1992;1
2974;2;1995;2
2974;2;1996;2
2974;2;1998;2
2975;2;1995;2
2976;2;1995;2
2977;4;1995;1
2977;4;1997;1
2978;2;1996;2
2979;4;1983;1
2979;4;1984;1
2979;4;1995;1
2979;4;1999;1
2980;2;1996;2
2981;4;1990;1
2982;2;2000;2
2982;5;1997;1
2983;2;1997;2
2984;2;1998;2
2985;2;1998;2
2986;4;1998;1
2987;4;1998;1
2987;4;1999;1
2988;2;1998;2
2989;4;1974;1
2989;4;1975;1
2990;4;1975;1
2991;4;1983;1
2992;2;1980;2
2993;2;1981;2
2993;2;1982;2
2994;2;1981;2
2994;4;1979;1
2994;4;1983;1
2995;4;1974;1
2996;4;1977;1
2997;2;1990;2
2997;4;1989;1
2998;4;1980;1
2999;4;1973;1
3000;3;1847;668
3001;4;1978;1
3002;2;1987;2
3003;2;1993;2
3003;2;1999;2
3003;3;1835;463
3003;4;1859;1
3004;2;1985;2
3005;4;1988;1
3006;4;1990;1
3007;2;1965;2
3007;2;1967;2
3008;4;1979;1
3009;2;1993;2
3010;4;1987;1
3010;4;1988;1
3011;4;1995;1
3012;4;1956;1
3013;4;1970;1
3014;2;1982;2
3015;2;1982;2
3016;2;1989;2
3016;2;1990;2
3016;2;1995;2
3017;2;1996;2
3017;2;1997;2
3018;4;1979;1
3019;1;1999;2
3019;1;2001;2
3020;2;1998;2
3021;2;1998;2
3022;2;1988;2
3022;2;1989;2
3024;2;1984;673
3024;2;1985;673
3024;2;1986;673
3024;4;1983;1
3024;4;1987;1
3025;4;1954;1
3026;3;1820;676
3026;3;1913;59
3027;3;1923;677
3028;3;1950;678
3031;3;1894;33
3031;4;1952;1
3034;3;1853;71
3037;2;1966;10
3037;2;1966;681
3038;2;1966;682
3039;4;1969;1
3040;4;1969;1
3041;4;1972;1
3043;4;1973;1
3045;3;1902;36
3047;2;1999;2
3047;2;2000;2
3048;2;1998;2
3048;2;1999;2
3048;2;2000;2
3048;2;2001;2
3049;3;1875;1
3049;3;1905;693
3050;2;1962;2
3050;3;1907;693
3050;3;1909;693
3051;2;1987;2
3051;5;1987;1
3052;2;2001;2
3052;2;2002;2
3053;4;2000;1
3054;2;2000;2
3055;2;2000;429
3056;2;1999;429
3057;4;1949;1
3057;4;1966;1
3058;4;1983;1
3059;4;1907;1
3060;3;1897;631
3061;3;1902;631
3061;3;1907;81
3061;4;1967;1
3061;5;1955;1
3062;4;1919;1
3063;3;1913;1
3064;3;1893;408
3065;3;1873;465
3066;3;1857;1
3067;4;1969;1
3069;3;1845;1
3070;4;1938;1
3071;4;1935;1
3072;4;1944;1
3075;4;1930;1
3077;3;1851;1
3077;3;1872;1
3078;3;1891;1
3079;4;1897;1
3080;2;1954;2
3080;2;1955;2
3081;4;1944;1
3082;4;1964;1
3083;3;1925;701
3084;2;1996;2
3085;2;1980;2
3085;3;1944;1
3086;2;1990;2
3087;2;2000;2
3088;2;2000;2
3088;2;2001;2
3090;4;1990;1
3090;4;1999;1
3091;2;1999;2
3092;4;1974;1
3092;4;1975;1
3092;4;1999;1
3093;2;2001;2
3094;2;2001;2
3095;2;2001;2
3097;2;2001;2
3097;2;2002;2
3098;2;2000;2
3099;3;1851;233
3100;2;1949;2
3101;3;1833;705
3104;3;1869;709
3106;4;1908;1
3107;4;1887;1
3108;3;1873;465
3109;3;1913;1
3109;3;1914;1
3112;5;1978;1
3113;2;1981;2
3113;4;1980;1
3114;2;1994;2
3115;4;1933;1
3117;4;1971;1
3118;4;1955;1
3121;4;1980;1
3122;4;1981;1
3123;4;1976;1
3123;4;1977;1
3124;2;1978;2
