"Bestattung";"Leichenbranddeponierung"
13;4
14;1
15;1
16;1
17;3
17;4
18;3
18;4
20;3
20;4
21;1
22;3
22;4
28;2
30;3
30;4
33;4
34;3
34;4
35;4
36;3
39;1
59;1
60;3
68;1
69;3
69;4
70;1
71;3
71;4
72;1
73;1
76;2
76;4
77;4
78;3
78;4
84;3
86;3
87;3
89;3
89;4
94;4
95;2
95;4
106;3
107;3
111;3
112;3
114;3
116;2
117;2
120;1
120;4
122;1
122;4
123;1
123;4
124;3
125;1
129;4
130;2
133;3
134;1
135;3
136;2
137;2
138;1
139;1
140;1
141;1
142;1
143;2
144;1
145;1
146;2
147;1
148;1
149;3
150;3
151;3
152;1
153;3
156;1
159;2
160;2
170;2
170;4
171;2
171;4
172;3
173;2
173;4
183;3
231;3
231;4
293;3
315;3
315;4
316;1
316;3
316;4
317;1
317;3
317;4
318;3
319;1
319;3
320;3
321;1
322;1
323;3
324;1
325;1
325;3
325;4
326;3
326;4
327;1
328;3
329;1
329;3
330;1
331;1
332;1
332;3
333;1
333;3
334;3
334;4
336;1
338;1
339;1
339;3
340;1
342;1
342;3
343;3
628;3
666;3
666;4
730;1
759;2
768;2
776;3
792;2
811;2
836;2
837;2
1035;1
1056;2
1112;2
1139;1
1140;2
1141;3
1142;3
1143;3
1144;1
1148;3
1149;1
1151;1
1153;3
1155;3
1156;1
1157;3
1158;3
1160;1
1161;1
1162;1
1163;1
1164;1
1166;3
1168;1
1169;3
1170;3
1171;1
1172;3
1175;1
1178;1
1179;3
1180;3
1182;1
1185;1
1192;1
1195;1
1204;1
1205;1
1206;1
1208;1
1209;1
1210;1
1211;1
1212;3
1215;4
1221;1
1222;1
1223;1
1224;1
1228;3
1231;3
1232;3
1232;4
1235;1
1236;1
1237;1
1237;4
1238;3
1240;1
1242;3
1243;2
1247;1
1248;3
1249;4
1251;1
1252;3
1253;4
1254;3
1255;3
1259;3
1262;3
1263;3
1263;4
1264;3
1266;3
1267;4
1268;2
1269;2
1270;3
1271;2
1272;3
1273;3
1274;3
1275;2
1276;3
1277;1
1277;4
1279;3
1279;4
1280;1
1281;1
1282;1
1283;1
1284;1
1301;3
1304;1
1310;1
1325;1
1326;1
1327;1
1333;1
1334;3
1376;2
1377;1
1379;1
1381;3
1384;2
1384;3
1387;1
1387;2
1388;2
1388;4
1389;1
1390;3
1390;4
1399;1
1406;1
1421;3
1421;4
1422;2
1423;4
1424;3
1424;4
1425;1
1426;3
1428;4
1429;4
1430;1
1430;2
1431;2
1432;2
1432;4
1433;1
1434;2
1435;3
1440;1
1441;1
1442;1
1444;2
1445;3
1447;3
1447;4
1449;3
1450;3
1451;3
1454;3
1459;1
1459;3
1459;4
1460;1
1461;1
1462;1
1463;1
1464;1
1467;2
1476;1
1481;1
1484;1
1485;1
1487;1
1489;1
1494;3
1495;1
1498;1
1499;1
1502;1
1503;1
1531;1
1532;1
1537;1
1538;1
1539;1
1540;1
1541;1
1544;2
1546;1
1551;2
1555;1
1556;1
1563;1
1565;2
1569;3
1570;1
1571;1
1581;2
1586;2
1590;1
1595;3
1598;3
1600;2
1603;2
1604;2
1613;1
1615;3
1617;3
1619;3
1620;3
1621;3
1622;3
1623;3
1624;3
1625;3
1626;3
1626;4
1627;1
1627;2
1628;3
1630;3
1634;3
1635;3
1636;3
1637;3
1640;3
1642;2
1649;1
1649;3
1650;1
1650;4
1651;1
1652;1
1653;1
1654;3
1654;4
1656;1
1656;4
1657;1
1659;1
1659;4
1660;3
1661;3
1688;3
1692;1
1692;4
1693;2
1693;4
1694;2
1694;4
1695;3
1696;1
1702;3
1704;2
1708;1
1710;3
1711;3
1711;4
1712;3
1713;3
1715;1
1716;1
1716;4
1718;4
1725;4
1726;1
1730;3
1731;1
1732;1
1732;4
1733;1
1734;3
1734;4
1735;2
1738;2
1738;4
1744;4
1746;2
1747;2
1748;2
1751;2
1754;3
1755;3
1760;1
1761;3
1761;4
1763;1
1764;1
1765;2
1766;2
1768;1
1769;3
1769;4
1776;1
1776;4
1777;1
1777;4
1778;1
1778;4
1782;3
1782;4
1784;3
1785;3
1786;3
1789;3
1789;4
1791;3
1793;1
1795;3
1796;3
1798;3
1800;2
1800;3
1801;1
1802;1
1803;3
1803;4
1804;3
1805;2
1807;3
1808;1
1809;3
1811;2
1811;3
1818;3
1821;2
1821;3
1821;4
1824;3
1826;3
1832;2
1833;2
1841;1
1842;1
1843;1
1844;1
1844;3
1845;1
1845;3
1846;1
1847;1
1847;3
1847;4
1848;1
1849;1
1850;2
1850;4
1851;2
1852;3
1852;4
1853;2
1859;2
1861;1
1861;3
1863;2
1864;2
1871;1
1875;2
1877;1
1877;4
1879;2
1883;2
1884;2
1885;1
1885;3
1885;4
1890;2
1890;4
1893;3
1898;1
1899;1
1900;1
1901;1
1907;1
1907;3
1907;4
1908;1
1908;3
1909;3
1910;3
1911;3
1917;1
1922;1
1923;3
1923;4
1925;3
1926;1
1926;4
1927;1
1930;2
1930;4
1932;2
1933;1
1934;1
1934;2
1934;4
1935;1
1936;1
1937;3
1938;2
1939;2
1940;1
1940;3
1941;1
1941;3
1941;4
1942;2
1943;2
1944;2
1945;3
1946;3
1949;1
1949;3
1950;1
1950;3
1951;1
1951;3
1951;4
1952;2
1953;3
1957;3
1957;4
1958;2
1959;1
1959;3
1959;4
1960;1
1960;3
1961;2
1962;3
1962;4
1963;2
1970;3
1970;4
1971;1
1972;3
1972;4
1974;3
1974;4
1975;2
1975;3
1975;4
1976;2
1977;4
1978;2
1979;2
1980;2
1980;3
1980;4
1981;2
1982;2
1983;3
1983;4
1986;3
1987;2
1988;2
1992;3
1993;3
1994;3
1995;3
1996;3
1996;4
1997;3
1997;4
1998;3
1998;4
1999;1
1999;3
1999;4
2000;1
2001;1
2001;3
2001;4
2002;1
2003;1
2004;3
2005;1
2006;3
2006;4
2007;3
2007;4
2010;3
2010;4
2011;3
2011;4
2012;3
2012;4
2013;1
2013;3
2013;4
2014;3
2014;4
2015;1
2016;3
2016;4
2017;1
2018;3
2018;4
2019;3
2019;4
2020;3
2020;4
2021;3
2021;4
2022;3
2022;4
2023;1
2023;3
2023;4
2024;3
2024;4
2025;3
2025;4
2026;3
2026;4
2027;1
2027;3
2027;4
2028;3
2028;4
2029;1
2030;3
2030;4
2031;3
2031;4
2033;1
2037;2
2039;4
2040;2
2046;3
2047;2
2047;4
2050;2
2052;3
2056;3
2057;1
2058;3
2059;3
2060;3
2061;1
2062;1
2063;1
2064;1
2065;1
2066;1
2067;2
2070;3
2070;4
2072;2
2072;3
2073;3
2074;3
2075;3
2077;3
2078;3
2079;1
2080;3
2080;4
2081;3
2082;2
2083;1
2085;3
2085;4
2086;2
2086;4
2087;2
2089;3
2089;4
2090;3
2091;3
2091;4
2093;2
2094;2
2094;4
2095;3
2096;3
2099;1
2101;2
2103;2
2103;3
2103;4
2104;3
2105;2
2107;2
2107;3
2107;4
2109;2
2109;4
2110;1
2123;2
2139;3
2146;2
2158;2
2158;3
2166;2
2168;3
2169;4
2175;1
2185;1
2187;1
2190;2
2190;3
2191;1
2192;3
2195;2
2196;1
2198;3
2198;4
2199;1
2200;2
2205;3
2205;4
2207;1
2207;3
2212;3
2212;4
2216;1
2218;1
2218;4
2223;2
2232;2
2234;1
2238;3
2238;4
2240;1
2240;4
2241;1
2241;3
2241;4
2243;2
2248;1
2249;4
2250;1
2252;1
2261;2
2263;1
2265;3
2266;3
2267;3
2270;1
2271;2
2272;2
2273;1
2274;1
2274;3
2275;1
2276;2
2280;2
2281;3
2283;3
2286;1
2288;3
2289;1
2289;3
2290;1
2291;1
2292;2
2293;2
2294;2
2295;2
2295;4
2299;1
2301;1
2302;2
2303;2
2304;2
2305;2
2307;3
2308;3
2309;2
2310;2
2311;2
2315;1
2316;2
2317;2
2319;3
2321;1
2322;3
2322;4
2329;4
2331;1
2332;2
2334;2
2337;3
2338;1
2339;1
2342;1
2345;2
2346;3
2347;1
2358;1
2359;1
2359;3
2359;4
2362;1
2365;2
2370;1
2371;3
2382;2
2383;3
2384;3
2386;2
2386;4
2388;1
2388;3
2388;4
2389;3
2389;4
2392;1
2393;1
2394;1
2396;1
2399;1
2401;1
2405;3
2431;2
2446;3
2458;2
2459;3
2461;3
2463;2
2464;1
2464;3
2464;4
2465;1
2465;2
2465;3
2465;4
2466;3
2466;4
2474;3
2482;3
2484;3
2508;2
2509;2
2514;1
2515;2
2516;2
2516;3
2517;1
2518;2
2518;3
2520;2
2521;2
2521;3
2521;4
2524;2
2524;3
2525;3
2525;4
2527;2
2528;1
2530;3
2531;2
2532;2
2532;3
2534;2
2535;2
2536;2
2536;3
2536;4
2537;2
2538;2
2538;3
2539;2
2540;2
2541;4
2542;3
2542;4
2543;3
2543;4
2544;2
2544;3
2544;4
2545;2
2545;4
2546;2
2546;3
2546;4
2547;2
2548;2
2548;3
2548;4
2549;2
2550;2
2550;3
2550;4
2551;2
2551;3
2551;4
2552;3
2552;4
2553;2
2554;3
2555;2
2555;3
2555;4
2556;2
2556;3
2556;4
2558;2
2558;3
2558;4
2559;3
2560;1
2560;2
2560;3
2560;4
2561;3
2562;3
2563;2
2563;3
2563;4
2564;2
2564;3
2564;4
2565;2
2565;3
2565;4
2566;3
2567;2
2567;3
2567;4
2568;2
2569;1
2569;2
2569;3
2569;4
2570;2
2570;3
2570;4
2571;2
2572;2
2573;3
2573;4
2574;2
2576;1
2577;1
2579;3
2584;2
2588;2
2595;3
2595;4
2602;2
2617;1
2620;3
2621;2
2635;1
2636;1
2638;2
2639;1
2647;3
2647;4
2650;3
2650;4
2651;4
2652;3
2652;4
2653;1
2653;3
2653;4
2654;2
2654;3
2654;4
2673;3
2674;2
2677;2
2686;1
2688;1
2689;1
2691;1
2707;1
2708;1
2710;3
2711;1
2712;2
2713;1
2714;1
2715;1
2716;1
2717;1
2719;2
2728;3
2746;3
2748;2
2751;2
2753;2
2754;2
2755;2
2760;1
2764;1
2764;3
2764;4
2766;2
2767;2
2768;2
2768;3
2773;1
2774;1
2774;3
2776;1
2778;3
2778;4
2779;1
2779;3
2779;4
2780;3
2780;4
2781;2
2781;3
2781;4
2782;1
2782;3
2782;4
2783;1
2783;3
2783;4
2784;3
2784;4
2785;3
2785;4
2786;1
2786;3
2787;1
2787;3
2787;4
2792;1
2797;2
2797;3
2798;1
2799;1
2801;1
2803;2
2804;3
2804;4
2805;3
2844;2
2847;2
2847;3
2849;2
2849;3
2850;2
2850;3
2851;2
2852;2
2854;3
2855;2
2871;1
2871;3
2872;1
2873;3
2874;1
2875;1
2876;4
2877;1
2878;1
2887;1
2888;2
2888;3
2888;4
2889;1
2890;1
2890;3
2890;4
2891;3
2891;4
2894;1
2894;3
2894;4
2896;3
2896;4
2898;1
2898;3
2898;4
2899;2
2900;3
2900;4
2901;1
2902;1
2902;3
2902;4
2903;1
2904;3
2904;4
2905;1
2905;3
2905;4
2906;1
2906;3
2906;4
2909;2
2909;3
2909;4
2910;2
2916;1
2919;1
2920;1
2923;1
2923;3
2924;1
2924;3
2925;3
2926;1
2926;3
2926;4
2927;1
2927;3
2927;4
2931;3
2939;1
2944;2
2944;4
2945;1
2945;2
2948;2
2957;2
2960;1
2995;1
2996;1
3029;1
3034;1
3038;1
3043;1
3045;1
3046;1
3047;1
3049;1
