"Grab_1";"Stratigraphische_Beziehung";"Grab_2"
45;2;47
47;1;45
47;1;59
59;2;47
63;2;67
67;1;63
72;4;63
72;2;67
77;2;78
78;1;77
82;2;83
83;1;82
83;2;85
84;2;85
85;1;84
87;2;85
92;2;93
93;1;85
93;1;92
94;2;95
95;1;94
95;2;96
96;1;95
97;1;98
97;1;122
97;1;137
97;2;162
98;2;97
98;1;100
99;2;100
100;2;98
100;1;99
102;1;112
102;1;131
105;2;109
109;1;105
112;2;102
112;1;114
112;2;131
114;2;112
118;1;129
118;2;139
120;1;121
120;2;138
121;2;120
121;1;122
122;2;97
122;2;121
123;2;126
123;2;160
126;1;123
129;1;118
130;1;118
131;2;102
131;1;112
136;2;137
137;2;97
137;1;136
137;2;162
138;1;120
138;3;142
138;1;154
138;1;160
139;1;118
141;2;143
142;3;138
143;1;141
151;2;154
154;2;138
154;1;151
154;1;157
155;1;159
156;2;157
157;2;154
157;1;156
158;1;2973
159;2;155
160;1;123
160;2;138
162;1;97
162;1;137
168;1;169
169;2;168
232;2;234
233;2;234
234;1;232
234;1;233
271;2;2698
275;1;276
275;1;277
275;1;278
275;1;279
275;1;281
275;1;282
275;1;283
275;1;284
275;1;285
275;1;286
275;1;287
275;1;288
275;1;289
275;1;290
276;2;275
277;2;275
278;2;275
279;2;275
281;2;275
281;2;284
281;2;285
282;2;275
282;2;286
283;2;275
284;2;275
284;1;281
285;2;275
285;1;281
286;2;275
286;1;282
287;2;275
288;2;275
289;2;275
290;2;275
298;2;303
299;2;306
300;2;306
301;2;306
302;2;306
303;1;298
303;2;306
304;1;303
304;2;306
305;2;306
306;1;299
306;1;300
306;1;301
306;1;302
306;1;303
306;1;304
306;1;305
370;2;2540
371;2;2540
372;2;2540
373;2;2540
375;2;2542
376;2;2544
388;2;2649
461;2;458
462;2;458
463;2;458
464;2;458
465;2;458
466;2;458
467;2;458
468;2;458
469;2;458
475;2;458
475;1;473
476;2;475
477;2;475
478;2;475
479;2;475
480;2;475
481;2;475
482;2;475
484;2;475
485;2;475
486;2;475
487;2;475
488;2;475
489;2;475
490;2;475
534;2;531
535;1;531
582;1;587
583;2;582
584;2;582
585;2;582
586;2;582
587;2;582
587;2;588
587;2;589
588;2;582
588;1;587
589;2;582
589;1;587
590;2;582
591;2;582
592;2;582
593;2;582
594;2;582
603;1;604
604;2;603
622;2;623
623;1;622
624;2;625
625;1;624
626;2;625
628;1;629
629;2;628
670;1;2694
678;2;681
679;2;681
680;2;681
681;1;678
681;1;679
681;1;680
717;1;718
717;1;719
718;2;717
719;2;717
722;2;848
723;2;848
724;2;848
725;2;848
726;2;848
727;2;848
728;2;848
729;2;848
730;2;848
731;2;848
732;2;848
733;2;848
734;2;848
735;2;848
736;2;848
737;2;848
738;2;848
739;2;848
740;2;848
741;2;848
742;2;848
743;2;848
744;2;848
745;2;848
746;2;848
747;2;748
747;2;848
748;1;747
748;2;848
749;2;848
750;2;848
751;2;848
752;2;848
753;2;848
754;2;848
755;2;848
756;2;848
757;2;848
758;2;848
759;2;848
760;2;848
761;2;848
762;2;848
763;2;848
764;2;848
765;2;848
766;2;848
767;2;848
768;2;848
769;2;848
770;2;848
771;2;848
772;2;848
773;2;848
774;2;848
775;2;848
776;2;848
777;2;848
778;2;848
779;2;848
780;2;848
781;2;848
782;2;848
783;2;848
784;2;848
785;2;848
786;2;848
787;2;848
788;2;848
789;2;848
790;2;848
791;2;848
792;2;848
793;2;848
794;2;848
795;2;848
796;2;848
797;2;848
798;2;848
799;2;848
800;2;848
801;2;848
802;2;848
803;2;848
804;2;848
805;2;848
806;2;848
807;2;848
808;2;848
809;2;848
810;2;848
811;2;848
812;2;848
813;2;848
814;1;817
814;2;848
815;2;848
816;2;848
817;2;814
817;2;848
818;2;848
819;2;848
820;2;848
821;2;848
822;2;848
823;2;848
824;2;848
824;2;2596
825;2;848
826;2;848
827;2;848
828;2;848
829;2;848
830;2;848
831;2;848
832;2;848
833;2;848
834;2;848
835;2;848
836;2;848
837;2;848
838;2;848
839;2;848
840;2;848
841;2;848
842;2;848
843;2;848
844;2;848
845;2;848
846;2;848
847;2;848
854;1;856
856;2;854
863;1;864
863;1;865
863;1;866
863;1;867
863;1;868
864;2;863
865;2;863
866;2;863
866;1;867
867;2;863
867;2;866
868;2;863
896;2;895
905;2;912
906;2;912
907;2;912
909;2;912
910;2;912
911;2;912
912;1;906
912;1;907
912;1;909
912;1;910
912;1;911
914;2;912
916;2;912
917;2;912
918;2;912
920;2;912
921;2;912
922;2;912
923;2;912
924;2;912
924;2;925
925;2;912
925;1;924
926;2;912
939;2;2453
940;2;2453
941;2;2453
955;2;2671
956;2;2671
985;2;2888
1006;2;1009
1007;3;1009
1008;3;1009
1009;1;1006
1009;3;1007
1009;3;1008
1023;2;2495
1026;2;2498
1057;2;1059
1057;2;2933
1058;1;1059
1058;2;2933
1059;2;1058
1059;2;2933
1060;2;2933
1061;2;2933
1062;2;2933
1063;2;2933
1064;2;2933
1065;2;2933
1066;2;2920
1070;2;2926
1071;2;2926
1073;2;2927
1074;2;2928
1075;2;2929
1076;2;2929
1079;2;2934
1080;2;2934
1081;2;2934
1082;2;2935
1083;2;2934
1084;2;2934
1085;2;2934
1087;2;2937
1088;2;2937
1089;2;2937
1090;2;2937
1091;2;2937
1092;2;2937
1093;2;2937
1094;2;2931
1095;2;2940
1097;1;1098
1097;2;2933
1098;2;1097
1099;1;1100
1099;2;2933
1100;2;1099
1101;1;1102
1101;2;2934
1102;2;1101
1103;2;2934
1104;2;1103
1104;1;1105
1105;2;1104
1106;2;1103
1107;2;2942
1203;1;1204
1204;2;1203
1350;2;1351
1350;2;1355
1350;2;1356
1350;2;1357
1351;1;1350
1352;1;1353
1352;1;1354
1353;2;1352
1354;2;1352
1354;2;1359
1355;1;1350
1356;1;1350
1357;1;1350
1359;1;1354
1378;2;1379
1379;1;1378
1389;2;1394
1389;1;1399
1390;2;1391
1391;1;1390
1394;1;1389
1394;1;1399
1399;2;1389
1399;2;1400
1399;2;1407
1399;1;1528
1400;1;1399
1402;2;1403
1402;3;1408
1403;1;1402
1407;1;1399
1408;3;1402
1408;2;1409
1409;1;1408
1417;2;1418
1418;1;1417
1419;2;1420
1419;2;1421
1420;1;1419
1421;1;1419
1429;2;1430
1430;1;1429
1432;2;1433
1432;2;1434
1432;2;1435
1432;2;1438
1432;2;1439
1432;2;1440
1432;2;1442
1432;2;1443
1432;2;1444
1432;2;1445
1432;2;1446
1433;1;1432
1434;1;1432
1435;1;1432
1438;1;1432
1439;1;1432
1440;1;1432
1442;1;1432
1443;1;1432
1444;1;1432
1445;1;1432
1446;1;1432
1448;2;1449
1449;1;1448
1451;2;1457
1451;2;1458
1451;2;1460
1457;1;1451
1458;1;1451
1460;1;1451
1476;1;2956
1487;1;1488
1488;2;1487
1495;1;1499
1496;2;1497
1497;1;1496
1497;1;1499
1499;2;1495
1499;2;1497
1501;2;1499
1501;1;1502
1502;2;1501
1504;1;1505
1505;2;1504
1507;2;1508
1508;1;1507
1508;2;1509
1509;1;1508
1509;1;1513
1509;2;1519
1510;2;1509
1510;1;1511
1511;2;1510
1513;2;1509
1513;1;1525
1516;1;1517
1517;2;1516
1517;1;1519
1517;1;1522
1519;1;1509
1519;2;1516
1519;2;1517
1519;1;1522
1519;1;1524
1519;1;1525
1522;2;1517
1522;2;1519
1522;2;1524
1524;2;1519
1524;1;1522
1524;2;1525
1525;2;1509
1525;2;1519
1525;1;1524
1528;2;1399
1550;1;1549
1632;1;1631
1637;1;1636
1638;2;1663
1648;1;1649
1648;2;1652
1648;2;1765
1649;2;1648
1650;1;1651
1650;1;1684
1651;2;1650
1652;1;1648
1652;1;1653
1652;2;1765
1653;2;1652
1653;2;1775
1654;2;1655
1655;1;1654
1656;1;1657
1656;1;1658
1656;1;1659
1656;1;1674
1657;2;1656
1657;2;1658
1657;1;1659
1658;2;1656
1658;1;1657
1658;1;1659
1659;2;1656
1659;2;1657
1659;2;1658
1661;1;1662
1661;1;1705
1661;1;1715
1662;2;1661
1663;1;1638
1664;2;1663
1665;2;1663
1665;2;1664
1672;1;1673
1672;1;1683
1673;2;1672
1674;2;1656
1677;2;1678
1678;1;1677
1678;2;1680
1678;2;1691
1680;1;1678
1680;2;1684
1681;2;1678
1683;2;1672
1684;2;1650
1684;1;1680
1685;2;1684
1686;2;1672
1688;2;1672
1690;2;1672
1691;1;1678
1691;1;1700
1692;2;1691
1693;2;1692
1694;1;1695
1694;1;1696
1694;1;1698
1694;1;1699
1695;2;1694
1695;1;1696
1696;2;1694
1696;2;1695
1697;2;1694
1698;2;1694
1699;2;1694
1699;2;1695
1700;2;1691
1701;1;1702
1701;1;1703
1701;1;1704
1701;2;1705
1701;2;1708
1701;2;1720
1702;2;1701
1702;1;1704
1703;2;1701
1703;1;1704
1704;2;1701
1704;2;1702
1704;2;1703
1705;2;1661
1705;1;1701
1705;1;1706
1705;1;1707
1705;2;1708
1706;2;1705
1706;1;1707
1707;2;1705
1707;2;1706
1708;1;1701
1708;1;1705
1708;2;1715
1708;1;1732
1709;2;1708
1710;2;1708
1711;2;1708
1712;2;1708
1713;2;1708
1714;2;1705
1715;2;1661
1715;1;1708
1715;1;1716
1715;1;1732
1715;1;1733
1716;2;1715
1717;2;1701
1718;2;1708
1718;2;1715
1720;1;1701
1720;1;1721
1720;1;1743
1720;1;1745
1721;2;1720
1722;2;1661
1722;2;1715
1724;2;1661
1724;2;1715
1725;1;1726
1726;2;1725
1727;2;1725
1728;1;1729
1728;1;1760
1729;2;1728
1730;2;1725
1732;2;1708
1732;2;1715
1732;1;1733
1733;2;1715
1733;2;1732
1734;1;1735
1734;1;1736
1735;2;1734
1736;2;1734
1738;1;1739
1739;2;1738
1740;1;1741
1741;2;1740
1743;2;1720
1743;1;1744
1743;1;1745
1744;2;1743
1745;2;1720
1745;2;1743
1746;1;1747
1746;1;1748
1746;2;1750
1747;2;1746
1748;2;1746
1748;1;1749
1748;2;1750
1748;2;1757
1748;2;1760
1749;2;1748
1750;1;1746
1750;1;1748
1750;1;1751
1750;1;1760
1751;2;1750
1752;1;1753
1753;2;1752
1757;1;1748
1758;2;1757
1758;1;1759
1759;2;1758
1760;2;1728
1760;1;1748
1760;2;1750
1760;1;1761
1761;2;1760
1762;1;1763
1762;1;1770
1763;2;1762
1763;2;1770
1764;1;1924
1765;1;1648
1765;1;1652
1765;1;1766
1765;1;1775
1765;1;1786
1766;2;1765
1766;1;1767
1767;2;1766
1767;1;1768
1768;2;1767
1768;1;1769
1769;2;1768
1770;2;1762
1770;1;1763
1771;2;1770
1772;1;1773
1772;1;1774
1773;2;1772
1774;2;1772
1775;1;1653
1775;2;1765
1779;1;1780
1780;2;1779
1780;1;1781
1781;2;1780
1781;1;1782
1781;1;1783
1781;1;1784
1781;1;1785
1781;1;1812
1782;2;1781
1783;2;1781
1784;2;1781
1785;2;1781
1786;2;1765
1786;1;1787
1786;1;1788
1786;1;1789
1786;1;1790
1786;1;1791
1786;1;1793
1786;1;1812
1787;2;1786
1787;1;1788
1787;1;1789
1787;1;1790
1787;1;1791
1787;1;1792
1787;1;1793
1787;1;1794
1788;2;1787
1788;1;1793
1788;1;1794
1789;2;1787
1789;1;1793
1789;1;1794
1790;2;1787
1790;1;1793
1790;1;1794
1791;2;1787
1791;1;1793
1791;1;1794
1792;2;1787
1792;1;1793
1792;1;1794
1793;2;1788
1793;2;1789
1793;2;1790
1793;2;1791
1793;2;1792
1794;2;1788
1794;2;1789
1794;2;1790
1794;2;1791
1794;2;1792
1798;2;1787
1804;1;1805
1805;2;1804
1806;1;1807
1806;1;1812
1807;2;1806
1807;1;1808
1807;1;1809
1807;1;1810
1807;1;1811
1808;2;1807
1809;2;1807
1810;2;1807
1811;2;1807
1812;2;1781
1812;2;1786
1812;2;1806
1813;1;1814
1813;1;1815
1813;1;1830
1814;2;1813
1815;2;1813
1816;2;1813
1818;1;1836
1819;1;1820
1819;1;1821
1819;1;1822
1819;2;1824
1820;2;1819
1820;1;1822
1821;2;1819
1821;1;1822
1822;2;1819
1822;2;1820
1822;2;1821
1823;2;1824
1824;1;1819
1824;1;1823
1824;1;1825
1824;1;1836
1825;2;1824
1825;1;1843
1825;1;1844
1825;1;1845
1825;1;1925
1826;1;1827
1826;1;1828
1827;2;1826
1827;1;1828
1828;2;1826
1828;2;1827
1830;2;1813
1831;2;1830
1834;1;1835
1835;2;1834
1835;1;1836
1836;2;1818
1836;2;1824
1836;2;1835
1841;1;1842
1842;2;1841
1843;2;1825
1843;1;1845
1844;2;1825
1844;2;1845
1845;2;1825
1845;2;1843
1845;1;1844
1845;1;1857
1846;1;1856
1846;2;1859
1847;1;1848
1847;2;1869
1847;1;1874
1848;2;1847
1849;2;1866
1850;2;1851
1851;1;1850
1851;1;1852
1851;1;1853
1851;1;1854
1852;2;1851
1852;1;1855
1853;2;1851
1853;1;1855
1854;2;1851
1854;1;1855
1855;2;1852
1855;2;1853
1855;2;1854
1856;2;1846
1856;2;1867
1857;2;1845
1859;1;1846
1862;1;1863
1863;2;1862
1863;1;1864
1864;2;1863
1865;2;1826
1866;1;1849
1867;1;1856
1867;1;1868
1867;1;1876
1868;2;1867
1869;1;1847
1869;1;1870
1869;1;1874
1869;1;1876
1869;1;1885
1869;2;1887
1869;1;1894
1869;1;1898
1870;2;1869
1870;1;1871
1871;2;1870
1871;1;1872
1871;1;1873
1872;2;1871
1873;2;1871
1874;2;1847
1874;2;1869
1875;2;1874
1876;2;1867
1876;2;1869
1876;1;1877
1877;2;1876
1880;2;1846
1880;2;1867
1885;2;1869
1885;2;1887
1886;2;1890
1887;1;1869
1887;1;1885
1887;1;1888
1888;2;1887
1888;2;1891
1890;1;1886
1891;1;1888
1894;2;1869
1894;2;1898
1897;1;1911
1898;2;1869
1898;1;1894
1902;1;1911
1904;1;1905
1904;1;1922
1905;2;1904
1906;1;1907
1907;2;1906
1907;1;1908
1908;2;1907
1908;1;1909
1909;2;1908
1911;2;1897
1911;2;1902
1911;1;1912
1911;1;1913
1912;2;1911
1912;1;1914
1913;2;1911
1913;1;1914
1914;2;1912
1914;2;1913
1922;2;1904
1924;2;1764
1925;2;1825
1952;1;1953
1953;2;1952
1954;2;1953
1955;1;1956
1956;2;1955
2020;1;2021
2021;2;2020
2022;1;2043
2027;1;2028
2027;1;2029
2027;1;2030
2027;1;2039
2027;1;2040
2027;1;2041
2027;1;2042
2028;2;2027
2029;2;2027
2029;1;2030
2030;2;2027
2030;2;2029
2039;2;2027
2040;2;2027
2041;2;2027
2042;2;2027
2043;2;2022
2082;1;2083
2083;2;2082
2110;1;2111
2110;1;2112
2111;2;2110
2111;2;2112
2112;2;2110
2112;1;2111
2113;2;2114
2114;1;2113
2117;1;2118
2118;2;2117
2118;1;2119
2119;2;2117
2119;2;2118
2124;1;2125
2125;2;2124
2130;2;2211
2131;1;2134
2131;1;2135
2131;1;2136
2132;1;2134
2132;1;2136
2134;2;2131
2134;2;2132
2135;2;2131
2136;2;2131
2136;2;2132
2143;1;2148
2143;2;2211
2144;1;2145
2144;1;2146
2145;2;2144
2146;2;2144
2148;2;2143
2148;2;2211
2160;2;2161
2161;1;2160
2169;2;2171
2169;2;2187
2170;2;2171
2171;1;2170
2171;1;2172
2171;2;2186
2171;2;2187
2172;2;2171
2173;1;2188
2173;2;2195
2174;1;2166
2174;2;2187
2186;1;2171
2187;1;2169
2187;1;2171
2187;1;2174
2187;1;2188
2187;1;2197
2188;2;2173
2188;2;2187
2188;2;2196
2188;1;2197
2190;2;2191
2191;1;2190
2192;2;2190
2193;2;2194
2194;1;2193
2195;1;2173
2196;1;2188
2197;2;2187
2197;2;2188
2198;2;2199
2198;1;2207
2198;2;2208
2198;2;2210
2199;1;2198
2199;2;2210
2200;1;2201
2201;2;2200
2201;2;2202
2201;2;2211
2202;1;2201
2207;2;2198
2208;1;2198
2209;1;2210
2210;1;2198
2210;1;2199
2210;2;2209
2211;1;2130
2211;1;2143
2211;1;2148
2211;1;2201
2215;1;2216
2216;2;2215
2218;1;2219
2218;1;2220
2218;1;2221
2218;1;2224
2219;2;2218
2219;2;2221
2220;2;2218
2221;2;2218
2221;1;2219
2224;2;2218
2235;1;2236
2236;2;2235
2248;2;2215
2248;1;2249
2249;2;2248
2250;2;2248
2263;2;2251
2263;1;2264
2264;2;2251
2264;2;2263
2278;1;2279
2279;2;2278
2281;2;2284
2281;1;2798
2284;1;2281
2284;1;2798
2294;1;2295
2295;2;2294
2308;1;2309
2309;2;2308
2318;2;2316
2324;2;2327
2325;1;2326
2325;1;2327
2326;2;2325
2327;1;2324
2327;2;2325
2331;1;2332
2332;2;2331
2336;1;2337
2336;1;2339
2337;2;2336
2339;2;2336
2349;1;2350
2350;2;2349
2355;2;458
2356;2;458
2357;2;458
2358;2;458
2359;2;458
2360;2;458
2361;2;458
2367;1;2368
2368;2;2367
2385;2;475
2386;2;475
2387;2;475
2388;2;475
2389;2;475
2391;2;475
2392;2;475
2393;2;475
2394;2;475
2407;1;2408
2408;2;2407
2416;1;2417
2417;2;2416
2418;1;2419
2419;2;2418
2420;1;2421
2421;2;2420
2422;1;2423
2423;2;2422
2453;1;939
2453;1;940
2453;1;941
2455;2;2456
2455;2;2458
2456;1;2455
2456;2;2458
2456;2;2459
2457;1;2458
2458;1;2455
2458;1;2456
2458;2;2457
2458;2;2459
2459;1;2456
2459;1;2458
2460;1;2463
2460;2;2464
2461;2;2466
2463;2;2460
2463;2;2464
2463;2;2465
2464;1;2460
2464;1;2463
2464;2;2465
2465;1;2463
2465;1;2464
2466;1;2461
2467;2;2470
2470;1;2467
2479;2;2480
2480;1;2479
2481;1;2484
2481;2;2488
2482;1;2484
2482;2;2488
2483;2;2484
2484;2;2481
2484;2;2482
2484;1;2483
2484;2;2488
2485;2;2484
2486;2;2484
2487;2;2484
2488;1;579
2488;1;2482
2488;1;2484
2492;1;2493
2492;1;2494
2493;2;2492
2494;2;2492
2495;1;1023
2498;1;1026
2500;2;2507
2501;2;2507
2502;2;2507
2503;2;2507
2504;2;2507
2505;2;2507
2506;2;2507
2507;1;2500
2507;1;2501
2507;1;2502
2507;1;2503
2507;1;2504
2507;1;2505
2507;1;2506
2507;1;2509
2508;2;2507
2509;2;2507
2513;2;2514
2514;1;2513
2515;2;2514
2516;2;2514
2517;2;2514
2518;2;2514
2522;1;2520
2522;1;2521
2522;1;2523
2522;1;2524
2523;2;2522
2524;2;2522
2540;1;370
2540;1;371
2540;1;372
2540;2;2541
2541;1;2540
2542;1;375
2544;1;376
2544;1;2545
2545;2;2544
2596;1;824
2596;2;848
2614;1;2611
2614;1;2612
2615;2;2613
2616;2;2613
2617;2;2613
2618;2;2613
2619;2;2613
2620;2;2613
2621;2;2613
2622;2;2613
2623;2;2613
2623;2;2624
2624;2;2613
2624;1;2623
2625;2;2613
2625;1;2621
2626;2;2613
2627;2;2613
2632;2;2630
2635;1;2636
2636;2;2635
2637;2;2644
2638;2;2644
2639;2;2644
2640;2;2644
2641;2;2644
2642;2;2644
2643;2;2644
2644;1;2637
2644;1;2638
2644;1;2639
2644;1;2640
2644;1;2641
2644;1;2642
2644;1;2643
2649;1;388
2649;1;2651
2651;2;2649
2657;1;2658
2657;1;2659
2658;2;2657
2659;2;2657
2661;2;2660
2671;1;955
2671;1;956
2680;1;2681
2681;2;2680
2682;2;2681
2691;2;2692
2692;1;2691
2694;2;670
2698;1;271
2756;1;2760
2756;1;2762
2760;2;2756
2760;2;2765
2762;2;2756
2765;1;2760
2770;1;2771
2770;1;2772
2770;1;2773
2770;1;2774
2770;1;2775
2770;1;2776
2771;2;2770
2772;2;2770
2773;2;2770
2774;2;2770
2775;2;2770
2776;2;2770
2798;2;2281
2798;2;2284
2801;1;2802
2802;2;2801
2804;1;2805
2805;2;2804
2806;1;2807
2807;2;2806
2839;2;2840
2839;2;2841
2840;1;2839
2841;1;2839
2844;2;2845
2845;1;2844
2878;2;2987
2888;1;985
2894;2;2895
2895;1;2894
2897;2;2899
2899;1;2897
2908;2;2910
2910;1;2908
2916;1;2917
2917;2;2916
2920;1;1066
2921;1;1066
2921;1;2920
2925;2;2926
2926;1;1070
2926;1;1071
2926;1;2925
2927;1;1073
2928;1;1074
2929;1;1075
2929;1;1076
2931;1;1094
2935;1;1082
2935;2;2934
2938;2;2937
2939;2;2937
2940;1;1095
2942;1;1107
2943;2;2942
2944;2;2934
2945;2;2934
2946;2;2934
2950;2;1101
2956;2;1476
2973;2;158
2976;1;2977
2977;2;2976
2982;2;2983
2983;1;2982
2987;1;2878
