"Grabkomplex";"Grabkomplexstrukturnummer";"Grabkomplexstrukturart";"Durchmesser";"Höhe";"Grabenbreite"
10;2;4;12,00;;
10;966;1;;;
17;1299;4;12,00;;
17;1300;4;8,00;;
18;1301;4;10,00;;
19;1302;4;9,00;;
20;1303;4;;;
21;1903;1;;;
21;1904;4;11,00;;
21;1905;4;8,00;;
22;1304;4;12,00;;
23;1305;4;16,50;;
24;1306;4;16,00;;
25;1906;4;10,00;;
25;1907;1;;;
26;1908;4;13,00;;
26;1909;4;9,00;;
26;1910;1;;;
27;973;4;21,00;;
27;974;2;21,00;;
28;1307;4;14,50;;
29;1308;4;17,00;;
30;1309;4;17,00;;
30;1310;4;12,00;;
31;1311;4;15,00;;
32;1312;4;15,00;;
33;1313;4;13,00;;
34;1314;4;7,00;;
35;1315;4;11,50;;
35;1316;4;;;
36;1911;4;11,50;;
36;1912;1;;;
37;1913;1;;;
37;1914;4;10,00;;
37;1915;4;7,00;;
38;1317;4;14,50;;
39;1318;4;19,00;;
39;1319;4;14,00;;
40;1142;5;11,50;;
40;1143;4;8,00;;
41;1320;4;8,00;;
42;1321;4;13,50;;
44;1322;4;7,50;;
46;1323;4;12,00;;
46;1324;4;17,00;;
47;1325;4;18,00;;
48;1326;4;11,00;;
49;1327;4;12,50;;
49;1328;4;18,50;;
50;1329;4;10,00;;
51;1330;4;3,00;;
52;1331;4;10,50;;
54;1916;1;;;
54;1917;4;23,50;;
83;1332;4;;;
85;1333;4;1,30;;
87;1334;4;2,75;;
88;1335;4;1,75;;
97;1336;4;4,00;;
99;975;2;7,25;;
100;976;2;7,25;;
116;1337;4;16,00;;
1020;699;4;10,50;;
1089;759;1;20,00;1,20;
1089;760;2;13,35;;0,70
1096;786;1;30,00;0,40;
1096;787;4;13,30;;
1097;21;5;18,50;0,45;
1097;22;1;32,00;1,20;
1102;569;1;16,00;3,20;
1106;831;1;12,90;1,45;
1106;832;4;12,90;;
1108;836;1;10,00;1,20;
1119;708;2;14,10;-0,35;0,60
1119;709;6;12,90;;
1119;710;4;21,00;;
1120;805;1;38,50;3,00;
1125;1702;1;10,00;0,80;
1136;466;1;55,00;4,50;
1136;467;2;52,00;-1,60;4,50
1141;1703;1;50,00;1,50;
1142;778;1;25,00;0,40;
1144;905;1;8,20;1,00;
1151;595;1;19,00;;
1159;782;4;9,00;;
1163;374;1;25,00;2,00;
1165;797;1;22,50;2,00;
1168;775;1;20,00;1,30;
1168;776;4;13,00;;
1173;754;8;8,00;;0,30
1174;196;1;12,00;0,40;
1174;197;8;7,00;-0,20;0,22
1177;570;1;50,00;0,80;
1177;571;2;30,00;-1,00;2,00
1178;825;1;19,00;2,80;
1178;826;4;17,00;;
1181;1704;1;15,00;1,10;
1183;745;1;27,50;1,00;
1189;908;1;5,00;0,50;
1198;1338;4;;;
1198;1339;1;18,45;1,20;
1206;906;1;10,00;0,80;
1211;806;1;12,00;1,00;
1211;807;4;9,50;0,60;
1214;295;1;22,00;0,20;
1215;619;1;10,00;0,40;
1216;605;1;13,00;0,70;
1217;296;1;13,00;0,30;
1218;800;1;14,00;0,40;
1219;297;1;24,00;0,50;
1220;606;1;22,00;1,50;
1220;607;2;13,10;-0,40;0,80
1222;608;1;13,50;0,80;
1224;621;1;15,00;1,10;
1225;622;1;12,00;0,20;
1226;768;1;25,00;0,65;
1227;769;1;24,00;;
1227;770;8;4,00;;0,55
1232;907;1;15,00;1,00;
1244;512;1;60,00;6,00;
1244;513;5;51,00;;
1244;514;3;51,00;;
1245;1705;1;22,00;2,00;
1248;596;1;12,00;0,70;
1248;597;4;10,00;;
1253;823;1;32,00;2,30;
1256;791;1;19,00;0,40;
1257;198;1;;1,00;
1257;199;2;10,00;-0,20;0,25
1258;572;1;40,00;0,35;
1264;1706;1;10,00;;
1265;771;1;27,00;;
1267;624;1;4,00;0,20;
1268;767;1;30,00;0,80;
1269;626;1;12,00;1,28;
1270;609;1;24,00;0,50;
1270;610;4;13,00;;
1271;611;1;11,50;0,30;
1272;628;1;13,00;0,60;
1273;635;1;7,00;0,20;
1274;612;1;16,00;0,50;
1278;850;1;16,00;0,30;
1286;515;1;50,00;3,25;
1287;798;1;;;
1288;598;1;11,00;0,50;
1289;740;7;;;
1291;783;4;6,00;;
1292;792;1;18,00;0,30;
1293;377;1;25,00;1,00;
1294;200;1;;0,65;
1299;643;1;12,00;0,30;
1301;804;1;32,00;3,00;
1303;523;1;50,00;3,00;
1303;524;2;46,00;-0,85;2,80
1304;781;1;15,00;0,60;
1305;741;7;;;
1307;793;1;30,00;0,60;
1308;287;1;25,00;0,60;
1308;288;8;13,40;-0,62;0,40
1309;576;1;22,50;;
1309;577;2;11,00;;0,30
1311;675;1;5,00;0,40;
1314;644;1;15,00;0,60;
1315;801;1;18,00;0,80;
1315;802;2;13,00;-0,30;0,40
1315;803;3;13,00;;
1316;601;1;13,00;0,80;
1317;718;2;;;
1317;719;4;;;
1319;289;1;22,00;1,20;
1319;290;2;12,00;-0,25;0,30
1321;578;1;23,00;;
1322;779;1;15,00;0,50;
1324;602;1;20,00;1,70;
1324;603;4;10,50;;
1324;604;2;11,50;-0,15;0,20
1325;716;1;22,00;1,00;
1325;717;4;11,00;;
1327;291;1;23,00;;
1329;616;1;9,00;0,60;
1330;646;1;10,00;;
1331;780;1;30,00;1,20;
1332;799;1;15,00;0,70;
1335;292;1;29,00;2,50;
1336;579;1;11,00;0,30;
1338;293;1;30,00;1,80;
1339;294;1;22,00;1,00;
1340;929;1;16,00;0,85;
1340;930;2;14,50;-0,50;0,85
1341;952;1;30,00;2,20;
1342;931;1;20,00;1,00;
1343;937;1;19,00;;
1343;938;2;11,75;;0,15
1343;939;3;12,00;;
1343;1955;2;11,25;;0,15
1344;932;1;9,60;;
1345;933;1;18,00;0,95;
1345;934;2;13,50;-0,65;1,00
1346;940;1;8,50;;
1347;935;1;20,00;1,30;
1347;936;2;15,50;-0,60;1,00
1348;941;1;12,00;1,00;
1349;942;1;15,00;1,00;
1350;943;1;13,00;;
1351;837;1;70,00;6,00;
1370;19;1;40,00;2,20;
1371;944;1;;;
1372;902;5;57,00;;
1372;903;1;;1,50;
1372;904;3;57,00;;
1373;447;1;78,00;13,50;
1374;677;1;35,00;0,80;
1374;678;4;13,50;;
1374;679;2;21,00;-0,40;1,00
1376;945;1;16,00;0,90;
1376;946;2;15,50;;
1378;947;1;;;
1378;948;2;12,00;;
1378;949;3;13,00;;
1379;953;1;37,00;1,60;
1380;680;1;101,00;8,00;
1381;954;1;35,00;1,80;
1382;950;1;9,50;;
1383;955;1;16,00;0,60;
1384;956;1;20,00;0,65;
1384;957;6;9,50;;
1385;958;1;13,00;0,95;
1386;959;1;13,00;0,45;
1387;960;2;14,50;-0,40;1,00
1387;961;3;13,70;;
1387;962;1;;0,10;
1388;963;1;13,50;1,00;
1389;964;1;;;
1390;465;1;65,00;4,50;
1392;1340;4;11,50;;
1393;1341;4;12,50;;
1395;1342;4;8,50;;
1396;1343;4;12,00;;
1399;1344;4;5,00;;
1402;1345;4;12,00;;
1422;1346;4;6,00;;
1434;1347;4;9,00;;
1436;1348;4;9,25;;
1437;1349;4;9,50;;
1438;1350;4;14,00;;
1441;1351;4;4,50;;
1442;1352;4;5,75;;
1443;1353;4;7,50;;
1444;1354;4;5,50;;
1451;1355;4;20,00;;
1452;1356;4;23,00;;
1453;1357;4;20,00;;
1457;1358;4;10,00;;
1458;1359;4;21,00;;
1459;1360;4;19,50;;
1464;1361;4;21,00;;
1466;1362;4;8,75;;
1468;1363;4;6,00;;
1471;1364;4;7,00;;
1472;1365;4;7,50;;
1474;1366;4;12,00;;
1475;1367;4;11,00;;
1477;1368;4;6,00;;
1478;1369;4;9,50;;
1479;1370;4;19,00;;
1481;1371;4;5,50;;
1485;1372;4;6,50;;
1492;1373;4;5,75;;
1493;1374;4;12,25;;
1495;846;4;7,00;;
1496;1375;4;10,00;;
1498;1376;4;5,00;;
1499;1377;4;6,75;;
1505;1378;4;4,50;;
1508;1379;4;12,25;;
1512;1380;4;8,25;;
1537;968;1;5,00;;
1538;1381;4;8,00;;
1550;1382;4;6,00;;
1551;1383;4;11,00;;
1552;1384;4;;;
1569;1385;4;12,00;;
1570;1386;4;;;
1637;1392;4;3,75;;
1643;1393;4;14,00;;
1644;1394;4;31,00;;
1645;1395;4;17,00;;
1646;1396;4;11,00;;
1653;977;2;9,00;;0,20
1653;978;4;8,00;;
1666;979;2;2,00;;
1666;980;4;2,00;;
1678;981;2;6,50;;0,20
1678;982;4;6,50;;
1681;1397;4;6,40;;
1685;1398;4;5,00;;
1690;1399;4;10,00;;
1691;1400;4;2,40;;
1693;1401;4;8,00;;
1696;1402;4;8,00;;
1699;1403;4;5,20;;
1716;1404;4;6,00;;
1735;1405;4;6,00;;
1738;1406;4;11,00;;
1752;983;4;13,00;;
1752;984;2;13,00;;0,40
1757;1712;1;16,00;;
1762;1407;4;9,00;;
1777;1408;4;14,00;;
1780;1409;4;10,00;;
1782;1410;4;4,50;;
1784;1411;4;9,00;;
1790;1412;4;12,00;;
1793;1713;1;8,00;;
1796;1413;4;16,00;;
1797;1414;4;16,00;;
1799;1415;4;14,00;;
1802;1416;4;9,00;;
1804;1417;4;12,00;;
1805;1418;4;10,00;;
1813;382;1;14,00;0,70;
1814;1714;1;17,00;1,35;
1816;1715;1;5,00;1,29;
1819;1419;4;15,50;;
1819;1420;4;12,50;;
1821;1922;1;28,00;2,50;
1821;1923;4;28,00;1,00;
1825;1421;4;14,00;;
1826;1716;1;12,00;0,69;
1827;1717;1;12,00;1,00;
1828;1718;1;9,00;0,25;
1829;1422;4;;;
1831;1423;4;10,00;;
1832;862;4;10,00;;
1832;863;4;14,00;;
1832;864;1;15,00;0,90;
1833;859;4;;;
1833;861;1;12,00;0,65;
1834;1719;1;8,50;1,60;
1835;1720;1;7,00;1,00;
1838;1424;4;11,00;;
1839;1425;4;16,00;;
1840;1721;1;15,00;2,00;
1841;1722;1;2,00;;
1842;1426;4;14,00;;
1843;1427;4;15,00;;
1844;1723;1;10,00;0,50;
1845;824;1;40,00;1,50;
1846;819;4;;;
1847;1724;1;26,00;;
1848;1725;1;8,00;0,60;
1849;1428;4;24,00;;
1850;1726;1;8,00;1,45;
1851;1924;1;11,00;1,20;
1851;1925;4;10,00;;
1852;1727;1;18,00;1,89;
1853;1728;1;11,00;1,00;
1859;867;1;11,00;0,70;
1860;1729;1;28,00;1,39;
1866;1730;1;10,00;0,80;
1867;1731;1;9,00;0,60;
1868;1732;1;9,00;0,69;
1869;1733;1;13,00;0,50;
1871;1930;1;;;
1872;1931;1;;;
1873;1932;1;;;
1874;1933;1;;;
1875;1680;1;;;
1876;1934;1;;;
1877;1681;1;12,00;0,60;
1878;1682;1;18,00;1,60;
1879;1683;1;13,00;1,00;
1880;1684;1;;;
1881;971;1;24,00;0,85;
1882;1685;1;18,00;1,10;
1883;1686;1;14,00;;
1884;1687;1;12,00;;
1885;1935;1;;;
1886;972;1;30,00;1,00;
1890;1429;4;6,00;;
1891;1688;1;22,00;1,50;
1893;1690;1;16,00;;
1894;1734;1;16,00;;
1895;1430;4;;;
1896;1735;1;15,00;1,79;
1897;1736;1;21,00;2,00;
1898;1737;1;9,00;0,69;
1899;1738;1;18,00;1,60;
1900;1431;4;8,00;;
1901;1432;4;8,00;;
1902;1739;1;24,00;;
1903;1740;1;20,00;0,40;
1904;1741;1;12,00;0,50;
1905;1742;1;12,00;0,69;
1906;1743;1;15,00;1,29;
1907;1744;1;18,00;1,50;
1908;1745;1;20,00;1,50;
1909;1746;1;18,00;1,50;
1911;1747;1;9,30;0,85;
1912;1748;1;19,00;1,50;
1913;1749;1;26,00;1,20;
1914;1691;1;10,00;0,80;
1915;1692;1;18,00;1,50;
1916;1693;1;17,00;1,50;
1917;1936;1;;;
1923;1694;1;;1,00;
1924;1750;1;20,00;1,50;
1925;1751;1;22,50;1,35;
1926;1752;1;5,00;0,50;
1927;1926;1;;;
1927;1927;4;2,70;;
1928;1433;4;2,30;;
1929;1753;1;4,50;0,60;
1938;1760;1;30,00;1,75;
1939;1761;1;20,00;1,00;
1940;1762;1;13,00;2,00;
1941;1763;1;12,00;;
1943;1764;1;11,00;0,80;
1944;1765;1;12,00;0,80;
1945;1766;1;19,00;1,50;
1946;1767;1;8,00;0,50;
1947;1768;1;5,00;0,20;
1948;1769;1;5,00;0,20;
1949;1770;1;5,00;0,20;
1950;1771;1;8,00;0,50;
1951;1772;1;8,00;0,50;
1952;1773;1;8,00;0,50;
1953;1774;1;8,00;0,50;
1954;1775;1;8,00;0,50;
1955;1776;1;8,00;0,50;
1956;1777;1;8,00;0,50;
1957;1778;1;8,00;0,50;
1958;1779;1;8,00;0,50;
1959;1780;1;8,00;0,50;
1960;1781;1;8,00;0,50;
1961;1782;1;8,00;0,50;
1962;1783;1;8,00;0,50;
1963;1784;1;8,00;0,50;
1964;1785;1;8,00;0,50;
1965;1786;1;8,00;0,50;
1966;1787;1;8,00;0,50;
1967;1788;1;8,00;0,50;
1968;1789;1;8,00;0,50;
1969;1790;1;8,00;0,50;
1970;1791;1;8,00;0,50;
1971;1792;1;14,00;0,30;
1972;1793;1;13,00;1,44;
1973;1794;1;12,00;1,58;
1976;1797;1;30,00;2,15;
1977;1798;1;12,00;0,50;
1978;1799;1;18,00;1,39;
1979;1800;1;13,75;1,29;
1980;1801;1;14,00;1,50;
1981;1802;1;9,50;1,10;
1982;1803;1;9,00;1,39;
1983;1804;1;12,00;1,50;
1984;1434;4;;;
1985;1435;4;;;
1986;1805;1;11,69;1,60;
1987;1806;1;9,19;1,50;
1990;1808;1;5,59;1,20;
2002;1820;1;13,25;1,50;
2003;1821;1;11,00;;
2004;1822;1;25,00;3,50;
2005;1823;1;24,00;1,20;
2006;1824;1;12,00;0,50;
2007;1825;1;20,00;1,79;
2008;1826;1;9,00;0,89;
2009;1827;1;12,00;1,35;
2010;1828;1;10,00;1,10;
2011;1436;1;21,00;;
2011;1437;4;19,00;;
2012;1829;1;12,00;0,60;
2015;1832;1;20,50;1,67;
2016;1833;1;21,50;1,79;
2017;1438;4;10,00;;
2018;1834;1;6,00;1,20;
2019;1835;1;8,25;1,39;
2020;1439;4;7,00;;
2021;1836;1;7,00;1,00;
2024;1837;1;7,00;1,10;
2026;1838;1;5,00;;
2027;1839;1;14,00;1,00;
2028;1840;1;18,00;1,89;
2029;1841;1;8,00;0,85;
2034;1846;1;24,00;2,00;
2035;1847;1;6,00;0,50;
2036;1848;1;7,00;0,60;
2037;1849;1;20,00;1,75;
2038;1850;1;19,00;1,20;
2039;1441;4;;;
2040;1851;1;14,00;0,50;
2041;1695;1;22,00;1,50;
2042;1442;4;;;
2043;1443;4;16,40;;
2044;1444;4;10,00;;
2045;1696;1;;;
2046;1697;1;14,50;1,10;
2047;1852;1;10,00;0,60;
2048;1445;4;10,00;;
2049;1938;1;;;
2050;1853;1;12,00;1,75;
2051;1854;1;15,00;0,60;
2052;1446;4;7,00;;
2053;1855;1;12,00;1,00;
2054;1856;1;6,00;0,30;
2055;1447;4;;;
2055;1448;4;;;
2055;1449;1;19,00;1,90;
2056;1857;1;9,00;0,60;
2057;1450;4;;;
2057;1451;1;16,00;;
2058;1858;1;17,00;1,45;
2061;1861;1;6,90;0,60;
2062;1862;1;13,00;1,25;
2063;1863;1;7,00;0,30;
2064;1452;1;11,00;1,00;
2064;1453;4;;;
2065;1864;1;11,00;1,00;
2066;1454;4;;;
2066;1455;1;8,00;;
2067;1865;1;22,50;2,50;
2068;1866;1;23,00;1,10;
2069;1867;1;12,00;1,20;
2070;335;1;12,00;;
2071;1456;4;;;
2072;1868;1;17,00;1,29;
2073;1869;1;13,00;1,10;
2075;1870;1;12,50;1,00;
2076;1457;4;;;
2076;1458;1;16,00;2,50;
2077;1871;1;18,00;2,00;
2078;1459;4;;;
2078;1460;1;38,00;;
2079;1872;1;18,00;2,00;
2080;516;1;56,00;6,00;
2080;517;4;45,00;;
2080;518;2;;-1,70;7,00
2081;1873;1;7,00;0,60;
2082;1874;1;13,19;1,39;
2083;1461;4;13,50;;
2084;1462;4;9,80;;
2085;1463;4;13,50;;
2086;1939;1;;;
2087;1875;1;13,50;2,40;
2088;1876;1;8,39;1,64;
2089;1877;1;8,00;1,00;
2090;1878;1;6,00;0,40;
2091;1879;1;16,00;1,29;
2092;1880;1;7,50;0,50;
2093;1881;1;10,00;0,40;
2094;1882;1;11,00;1,00;
2095;1883;1;11,00;1,00;
2096;1884;1;12,00;1,60;
2097;1885;1;7,50;0,69;
2098;1464;4;17,50;;
2098;1465;1;19,50;1,90;
2099;1886;1;23,00;1,70;
2100;1466;1;13,50;1,40;
2100;1467;4;;;
2101;1887;1;14,00;1,79;
2102;1468;1;19,00;1,60;
2102;1469;4;;;
2103;1888;1;10,00;0,80;
2104;1470;4;7,00;;
2104;1471;4;4,00;;
2105;1889;1;22,00;3,00;
2106;1890;1;24,00;2,59;
2107;261;1;25,00;0,50;
2108;1891;1;10,00;0,50;
2109;1892;1;11,00;0,64;
2110;1893;1;8,00;1,39;
2111;298;1;14,00;1,10;
2111;299;4;7,00;;
2112;1928;1;;;
2112;1929;4;31,00;;
2113;1894;1;20,00;2,00;
2114;1895;1;13,00;1,04;
2115;1896;1;21,00;1,60;
2116;356;1;17,50;1,10;
2116;357;4;;;
2117;1897;1;35,00;1,00;
2118;1472;4;7,00;;
2118;1473;1;;;
2124;865;4;17,00;;
2125;866;4;11,00;;
2126;1698;1;15,00;;
2127;1898;1;13,00;0,54;
2129;1899;1;14,00;1,60;
2130;1699;1;;;
2132;1900;1;8,00;;
2133;1474;4;;;
2133;1475;1;;;
2134;1940;1;;;
2135;424;1;24,00;0,50;
2136;453;4;18,00;;
2139;205;1;25,00;0,50;
2140;1901;1;7,50;0,40;
2144;1700;1;72,00;3,25;
2146;1902;1;16,00;1,00;
2147;511;4;22,00;;
2147;581;1;24,00;0,80;
2148;3;6;9,50;1,50;
2148;4;4;9,50;;
2150;6;4;11,00;;
2150;7;6;11,00;1,40;
2151;9;6;9,50;1,00;
2151;10;4;9,50;;
2152;11;4;4,50;;
2153;12;4;24,00;;
2153;13;1;22,00;;
2154;15;4;30,00;;
2154;16;7;;;
2155;17;4;7,70;;
2156;20;1;28,00;0,40;
2160;23;2;23,00;-0,40;0,75
2165;24;1;20,00;2,00;
2166;25;4;8,50;;
2166;26;4;6,20;;
2167;27;4;9,75;0,50;
2168;28;4;12,50;;
2170;29;2;7,85;-0,40;0,62
2170;30;4;8,40;;
2170;31;4;5,80;;
2171;32;4;6,75;;
2174;33;4;10,40;;
2175;34;5;7,00;0,35;
2176;35;4;9,00;;
2177;36;5;9,60;;
2183;37;4;5,80;;
2187;38;2;9,00;-0,40;0,50
2187;39;4;7,10;;
2189;40;4;5,15;;
2190;41;4;8,00;;
2190;42;4;4,80;;
2191;43;4;1,25;;
2193;44;4;5,00;;
2198;45;4;7,60;0,30;
2199;46;4;6,00;;
2200;47;5;2,75;0,30;
2201;48;5;8,35;0,40;
2201;49;4;6,70;;
2202;50;4;6,50;;
2202;51;4;8,20;;
2203;52;4;8,60;;
2203;53;4;6,70;;
2205;54;4;5,50;;
2208;55;4;6,30;;
2209;56;4;12,90;;
2213;57;4;7,40;;
2213;58;4;4,95;;
2214;59;4;11,00;;
2216;60;6;;;
2217;61;4;3,05;;
2219;63;4;7,80;;
2219;64;4;4,40;;
2219;65;2;4,15;;0,15
2222;66;4;8,40;;
2223;67;4;4,00;;
2225;68;4;8,00;;
2226;69;4;6,70;;
2227;70;5;3,60;0,30;
2228;71;4;8,80;;
2229;72;4;7,00;;
2229;73;4;5,25;;
2230;74;4;10,50;;
2231;75;4;13,00;;
2232;76;4;8,50;;
2233;77;4;2,60;;
2235;78;4;6,20;;
2235;79;4;5,80;;
2236;80;4;3,60;;
2236;81;2;3,60;-0,15;0,15
2237;82;5;5,76;0,60;
2237;83;5;7,20;0,60;
2238;84;4;6,45;;
2239;85;4;;;
2239;86;4;10,00;;
2240;87;4;4,50;;
2241;88;4;6,00;;
2242;89;4;3,25;;
2243;90;4;1,30;;
2246;91;4;4,60;;
2247;92;4;2,60;0,25;
2248;93;4;6,40;;
2248;94;4;7,40;;
2249;95;4;7,15;0,60;
2249;96;4;10,00;;
2253;97;4;8,00;;
2258;98;4;14,50;;
2258;99;2;20,00;-0,80;3,50
2259;100;2;21,00;-0,50;1,75
2259;101;4;10,60;0,80;
2260;102;4;5,00;0,45;
2261;103;4;8,00;;
2263;104;4;8,00;;
2265;105;4;4,70;;
2266;106;4;6,50;;
2267;107;4;9,00;;
2267;108;4;6,00;;
2268;109;5;9,80;;
2269;110;4;9,65;;
2270;111;4;9,20;;
2275;113;4;10,50;;
2275;114;4;8,00;;
2276;115;4;4,70;;
2280;116;4;2,80;;
2281;117;4;7,80;;
2283;118;2;9,60;-0,45;0,70
2283;119;4;9,60;;
2284;120;4;8,00;0,40;
2284;121;4;11,00;;
2284;122;2;11,00;-0,40;2,00
2284;123;6;7,70;;
2285;124;4;10,20;;
2286;125;4;3,45;;
2287;126;4;3,00;;
2288;127;4;10,00;;
2288;128;4;6,80;;
2288;129;4;5,20;;
2290;130;4;4,50;;
2294;131;4;6,30;;
2295;132;4;8,50;;
2295;133;5;5,50;;
2295;134;7;8,00;;
2298;135;4;7,20;;
2299;136;4;9,00;;
2302;137;4;6,00;;
2307;143;4;8,50;;
2308;138;4;8,00;;
2311;139;7;2,50;;
2312;140;4;8,00;;
2312;141;2;5,40;;0,20
2314;144;4;11,20;;
2314;145;2;11,20;-0,50;0,75
2319;147;4;5,00;;
2319;148;2;4,10;;1,10
2320;149;4;;;
2321;150;4;12,60;0,35;
2324;152;4;9,50;;
2325;153;4;;;
2326;154;4;10,00;0,25;
2328;155;4;5,60;;
2329;156;4;2,90;;
2331;157;4;4,70;;
2338;158;4;4,80;;
2340;159;4;5,70;;
2343;162;1;65,00;2,30;
2343;163;3;15,00;;
2344;160;2;30,00;;
2344;161;3;25,00;;
2344;415;1;;1,00;
2345;164;1;11,00;0,80;
2346;165;1;10,00;0,50;
2347;166;1;14,00;1,20;
2348;167;1;10,00;0,50;
2349;168;1;14,00;0,30;
2350;169;1;10,00;0,60;
2351;170;1;13,00;0,60;
2352;171;1;20,00;0,60;
2353;172;1;15,00;0,60;
2354;173;1;17,00;0,69;
2355;174;1;28,00;0,45;
2356;175;1;29,00;0,59;
2356;176;2;10,00;-0,60;1,20
2357;177;1;24,00;0,60;
2358;178;1;11,00;0,50;
2359;179;1;13,00;0,70;
2360;180;1;16,00;0,80;
2361;181;1;23,75;1,40;
2362;182;1;24,00;1,00;
2363;183;1;25,15;1,20;
2364;184;1;25,00;0,70;
2365;185;1;23,50;1,00;
2366;186;1;30,50;1,80;
2367;187;1;26,00;1,50;
2368;188;1;26,50;1,80;
2368;189;2;21,00;;1,40
2369;190;1;26,00;1,60;
2370;191;1;17,00;0,50;
2371;192;1;15,00;0,60;
2371;193;4;;;
2372;194;1;11,00;0,80;
2372;195;4;12,00;;
2378;201;1;25,00;0,80;
2379;202;1;20,00;;
2380;203;1;25,00;3,00;
2380;204;4;15,00;0,50;
2430;206;1;8,00;0,45;
2432;207;1;10,00;0,15;
2433;208;1;17,50;0,35;
2434;209;1;10,00;0,30;
2435;210;1;5,00;0,12;
2436;211;1;12,00;0,25;
2437;212;1;9,50;0,40;
2438;213;1;11,00;0,25;
2439;214;1;13,80;0,40;
2440;215;1;9,00;0,45;
2441;216;1;6,00;0,60;
2442;217;1;14,00;0,27;
2443;218;1;15,00;0,25;
2444;219;1;14,00;0,19;
2445;220;1;15,00;0,25;
2446;221;1;;0,27;
2453;222;1;43,50;1,38;
2454;223;1;;;
2454;224;2;15,00;;
2455;225;1;13,20;0,60;
2455;226;2;14,20;-0,20;0,51
2456;227;1;8,30;0,60;
2456;228;2;9,30;-0,50;1,10
2456;229;6;;;
2457;230;1;8,50;0,70;
2457;231;2;9,50;-0,25;0,70
2458;232;1;13,90;0,65;
2458;233;2;15,00;-0,25;1,15
2459;234;1;13,40;0,60;
2459;235;2;14,00;-0,20;0,70
2460;236;1;17,00;0,70;
2461;237;1;15,50;0,45;
2461;238;2;15,50;-0,40;0,70
2462;239;1;18,00;0,75;
2463;240;1;;0,50;
2464;241;1;17,00;0,25;
2465;242;1;30,00;0,70;
2466;243;2;54,00;-1,50;1,50
2467;244;1;14,00;1,20;
2468;245;1;37,00;0,70;
2469;246;1;16,00;0,40;
2469;247;2;5,70;-0,40;0,30
2470;248;1;13,00;0,40;
2471;249;1;18,00;0,50;
2471;250;2;10,00;-0,50;0,30
2472;251;1;18,00;0,40;
2473;252;1;32,00;0,50;
2473;253;4;10,80;0,40;
2474;254;1;28,00;0,70;
2475;255;1;46,00;1,10;
2476;256;1;38,00;0,60;
2476;257;3;28,00;;
2477;258;1;22,00;0,60;
2478;259;1;;;
2483;260;1;;;
2485;262;1;20,00;0,50;
2486;263;1;25,00;0,25;
2487;264;1;17,00;1,30;
2488;265;1;14,00;1,30;
2489;266;1;12,00;0,80;
2490;267;1;14,00;0,90;
2491;268;1;10,00;0,50;
2491;269;2;10,00;-0,60;0,90
2496;270;1;17,50;0,33;
2499;271;1;19,00;0,90;
2500;272;1;11,00;0,60;
2501;273;1;16,50;0,90;
2502;274;1;22,50;0,55;
2503;275;1;19,50;0,40;
2504;276;1;15,00;0,80;
2505;277;1;16,00;0,70;
2506;278;1;14,50;0,80;
2507;279;1;15,50;0,70;
2508;280;1;11,50;0,40;
2509;281;1;17,00;0,50;
2510;282;1;10,25;0,35;
2511;283;1;5,00;0,35;
2512;284;1;16,50;0,85;
2513;285;1;12,50;1,00;
2515;286;1;40,00;;
2516;300;4;13,50;;
2517;301;4;3,00;;
2519;303;4;3,60;;
2522;304;4;;;
2524;305;1;;;
2528;306;4;;;
2536;307;1;;0,50;
2542;308;4;2,75;;
2543;309;1;;0,33;
2548;310;1;20,00;;
2549;311;1;18,00;;
2550;1941;1;;;
2551;1942;1;;;
2552;312;1;;;
2552;313;2;;;
2553;1943;1;;;
2554;1944;1;;;
2555;1945;1;;;
2556;314;2;;;
2556;315;1;;;
2559;316;1;19,00;0,50;
2559;317;4;19,00;;
2560;318;1;18,00;2,20;
2560;319;4;18,00;;
2561;320;4;9,00;;
2562;321;4;11,00;;
2562;322;7;5,00;;
2563;323;4;6,60;;
2563;324;7;2,50;;
2564;1946;1;;;
2565;325;1;34,00;2,20;
2570;326;4;3,50;;
2571;327;4;2,75;;
2572;328;4;;;
2583;331;6;21,00;;
2583;332;1;21,00;0,90;
2586;333;4;3,00;;
2587;334;4;3,00;;
2589;336;1;11,00;0,70;
2590;337;1;13,00;0,75;
2591;338;1;28,00;1,70;
2591;339;4;28,00;;
2596;341;4;;;
2597;342;4;4,15;;
2599;343;4;1,40;;
2602;344;1;24,00;2,35;
2603;345;4;;;
2605;346;4;3,70;;
2606;347;4;;;
2607;348;4;8,40;;
2609;349;1;8,00;0,30;
2610;350;1;11,00;1,00;
2610;351;4;8,90;;
2611;352;1;8,00;0,95;
2611;353;4;6,80;;
2612;354;1;15,50;1,00;
2612;355;4;;;
2613;358;1;27,00;1,00;
2614;359;1;17,00;0,60;
2615;360;1;15,00;2,00;
2616;361;1;30,00;1,10;
2617;362;1;30,00;3,00;
2618;363;1;16,00;1,00;
2619;364;1;10,00;;
2620;365;1;11,00;1,00;
2621;366;1;13,00;1,50;
2622;367;1;15,00;1,80;
2623;368;1;13,00;1,00;
2624;369;1;14,00;1,00;
2625;370;1;15,00;0,50;
2626;371;1;12,00;1,00;
2627;372;1;12,00;1,00;
2628;373;1;13,00;0,50;
2630;375;4;6,00;0,60;
2630;376;1;36,00;1,00;
2631;378;1;5,50;0,70;
2631;379;4;6,50;0,70;
2633;380;4;9,00;;
2637;381;4;4,50;;
2641;383;4;5,40;;
2645;384;4;14,00;;
2648;385;1;18,00;1,00;
2649;389;1;25,00;1,20;
2650;386;1;11,00;0,50;
2651;387;1;11,00;0,60;
2652;388;1;5,50;0,60;
2654;390;1;9,60;1,60;
2655;391;1;16,00;0,50;
2656;392;1;16,00;;
2657;393;1;14,00;0,20;
2658;394;1;14,00;;
2659;395;1;5,00;;
2659;396;5;5,50;1,00;
2660;397;1;20,00;1,45;
2660;398;4;13,50;;
2661;399;1;11,00;0,45;
2662;400;1;8,00;0,30;
2663;401;1;12,00;0,45;
2665;402;1;35,00;;
2665;403;4;35,00;;
2666;404;1;10,50;;
2667;405;4;;0,60;
2667;406;7;;0,85;
2668;407;5;5,60;0,80;
2669;408;5;5,25;1,00;
2670;409;4;3,00;;
2670;410;1;;;
2672;411;1;22,00;1,60;
2673;412;1;;;
2674;413;1;;;
2675;414;2;;;
2676;416;2;14,50;;0,35
2676;417;3;14,50;;
2676;418;1;;;
2677;419;2;;;
2677;420;3;;;
2678;421;1;14,50;1,20;
2678;422;4;11,00;;
2679;423;5;2,00;;
2681;425;1;21,50;0,30;
2688;426;1;33,50;0,90;
2688;427;2;19,00;-0,25;3,00
2689;428;1;27,50;0,60;
2693;429;4;8,00;;
2693;430;4;11,00;;
2694;431;4;6,00;;
2695;432;4;8,00;;
2696;433;4;3,50;;
2697;434;4;7,00;;
2698;435;4;7,00;;
2699;436;4;;;
2700;437;1;10,50;0,57;
2700;438;4;9,50;;
2702;439;1;;0,76;
2703;440;1;;0,32;
2705;441;4;15,60;;
2706;442;5;7,80;;
2707;443;7;4,00;;
2708;444;1;;;
2709;445;1;5,50;0,50;
2710;446;1;20,86;2,70;
2714;448;2;;;
2714;449;3;;;
2718;450;4;14,00;;
2719;451;6;;;
2721;454;4;5,20;;
2722;455;4;10,00;;
2722;456;7;;;
2724;457;1;17,00;0,54;
2725;458;1;10,00;0,40;
2726;459;1;13,00;0,58;
2727;460;1;13,00;0,34;
2728;461;1;12,00;0,41;
2729;462;1;20,00;0,30;
2730;463;1;15,50;1,60;
2732;464;1;14,00;0,70;
2735;468;4;8,50;;
2737;469;4;6,00;;
2738;470;4;8,50;;
2739;471;4;6,25;;
2740;472;1;7,50;1,70;
2740;473;5;8,50;;
2742;885;2;5,00;;0,40
2743;474;4;3,40;;
2744;475;4;11,00;;
2745;476;4;10,00;;
2746;477;4;13,00;;
2748;478;4;7,00;;
2748;479;4;10,00;;
2748;480;1;;;
2749;481;1;;;
2749;482;4;6,00;;
2750;483;5;13,00;;
2752;484;5;15,00;;
2752;485;7;14,00;;
2752;486;4;8,00;;
2753;487;4;8,00;;
2754;488;4;20,00;;
2754;489;4;17,00;;
2755;490;4;14,00;;
2755;491;7;13,40;;
2756;492;4;9,00;;
2756;493;7;8,40;;
2757;494;1;13,60;0,30;
2758;495;1;21,00;0,57;
2758;496;2;9,25;;
2759;497;1;20,40;0,24;
2760;498;1;20,75;0,33;
2761;499;1;14,85;0,28;
2761;500;2;10,00;;
2762;501;1;17,00;0,40;
2763;502;1;14,00;1,50;
2763;503;4;9,20;;
2764;504;1;5,00;;
2764;505;6;5,00;;
2764;506;1;10,00;;
2765;507;7;10,00;1,00;
2766;508;1;;;
2767;509;1;;;
2768;510;2;11,00;;
2773;519;2;10,00;;
2773;520;1;;;
2774;521;2;7,00;;
2774;522;1;;0,25;
2775;525;1;15,00;1,50;
2775;526;2;9,50;-0,50;0,30
2776;527;1;6,50;0,50;
2777;528;4;20,00;;
2777;529;1;;;
2779;530;2;8,50;;
2779;531;1;;0,50;
2780;532;2;7,50;;
2780;533;1;;0,30;
2781;534;2;9,30;;
2782;535;2;13,00;;
2782;536;1;;0,40;
2783;537;2;8,50;;
2783;538;1;;0,40;
2784;539;2;8,30;;
2784;540;1;;0,30;
2785;541;2;8,50;;
2785;542;1;;0,25;
2786;543;2;10,00;;
2788;544;1;23,00;;
2789;545;1;;0,85;
2790;546;1;;0,60;
2791;547;1;;1,30;
2792;548;1;23,00;0,80;
2793;549;2;20,00;-0,30;1,00
2793;550;1;;;
2794;551;1;;0,60;
2795;552;1;;0,60;
2797;553;1;;0,85;
2798;554;1;;1,00;
2801;555;1;;;
2802;556;1;14,00;1,10;
2802;557;7;8,00;;
2803;558;1;10,50;0,70;
2804;559;1;14,00;0,60;
2805;560;1;18,00;;
2808;561;4;12,50;;
2808;562;7;8,00;;
2809;563;1;12,00;1,40;
2810;565;1;16,00;1,35;
2811;566;1;18,00;;
2812;567;2;27,00;-0,30;0,50
2813;568;1;35,00;;
2814;573;1;30,00;0,80;
2815;574;2;16,00;-0,25;0,60
2815;575;1;25,00;0,60;
2817;580;4;3,00;;
2818;582;4;5,50;;
2819;583;4;4,00;;
2820;584;5;4,25;;
2821;585;4;5,00;;
2822;586;4;3,75;;
2825;587;4;5,25;;
2826;588;4;7,00;;
2827;589;5;5,00;;
2828;590;4;4,50;;
2829;591;4;3,95;;
2830;592;4;4,75;;
2831;593;4;9,50;;
2832;594;4;1,60;;
2838;599;1;;0,60;
2838;600;4;12,00;;
2839;613;1;14,50;1,30;
2840;614;1;17,00;1,40;
2840;615;4;12,00;;
2841;617;1;12,00;0,80;
2842;618;1;7,00;0,50;
2843;620;1;18,00;1,70;
2844;623;1;11,00;0,80;
2845;625;1;10,00;0,80;
2846;627;1;15,00;1,15;
2847;629;1;21,00;1,60;
2847;630;4;14,50;;
2848;631;1;14,00;0,50;
2848;632;4;9,50;;
2849;633;1;18,25;0,20;
2851;634;2;5,00;;0,30
2853;636;1;4,00;0,20;
2854;637;1;5,00;0,20;
2855;638;1;10,00;;
2856;639;1;10,00;;
2857;640;1;20,00;0,40;
2858;641;1;20,00;0,40;
2859;642;1;12,00;0,30;
2860;645;1;;;
2861;647;1;20,00;0,30;
2863;648;1;12,00;0,15;
2864;649;1;14,00;0,25;
2865;650;1;30,00;0,47;
2867;651;1;22,00;0,50;
2868;652;1;10,00;0,30;
2868;653;4;9,50;;
2869;654;1;;;
2869;655;4;10,00;;
2874;658;1;10,00;0,50;
2879;659;1;8,00;0,20;
2879;660;3;7,00;;
2881;661;1;10,00;0,10;
2884;662;1;12,00;0,20;
2884;663;2;7,30;-0,40;0,50
2884;664;3;7,30;;
2887;665;1;6,00;0,10;
2889;666;1;15,00;0,35;
2891;667;1;;;
2894;668;1;6,00;0,05;
2895;669;1;;;
2896;670;1;;;
2897;671;1;12,00;1,50;
2901;672;1;10,00;;
2902;673;1;14,00;0,30;
2903;674;1;20,00;0,30;
2906;676;2;8,00;;
2908;681;1;;0,10;
2908;682;4;6,00;;
2911;683;1;17,00;0,80;
2913;684;1;;0,50;
2913;685;4;13,00;;
2914;686;4;5,00;;
2915;687;1;;0,90;
2915;688;4;11,00;;
2917;689;1;10,00;;
2918;690;4;7,00;;
2919;691;1;;;
2920;692;1;;;
2920;693;4;8,00;;
2922;694;1;20,00;1,57;
2923;695;1;10,00;0,40;
2924;696;2;30,00;-0,50;1,30
2925;697;1;10,00;;
2925;698;4;10,00;;
2928;700;1;46,00;1,60;
2928;701;2;35,00;;
2928;702;2;24,50;;
2929;703;1;35,00;1,50;
2929;704;2;28,50;-0,40;0,85
2929;705;2;31,00;;0,95
2929;706;3;26,50;-0,40;
2931;707;2;32,00;;1,00
2933;794;1;16,00;0,90;
2938;711;2;12,00;;
2939;712;2;11,00;;
2939;713;3;11,00;;
2939;714;1;16,00;;
2939;715;4;16,00;;
2941;720;4;11,00;;
2941;721;1;;;
2942;722;8;11,00;;
2942;723;1;17,00;;
2943;724;2;15,00;;1,00
2943;725;2;17,00;;1,00
2943;726;1;18,00;;
2944;727;8;13,00;;0,40
2945;728;1;17,00;;
2946;729;1;20,00;;
2947;730;2;13,50;;0,70
2948;731;2;10,50;;
2948;732;4;15,00;;
2949;733;1;;;
2949;734;2;14,00;-0,45;0,80
2949;735;4;15,00;;
2951;736;3;12,00;;
2951;737;1;;;
2952;738;2;11,00;;
2954;739;2;13,50;-0,07;0,20
2959;742;2;14,00;;0,30
2959;743;1;;;
2959;744;3;14,00;;
2960;746;1;27,50;;
2961;747;1;;;
2961;748;2;38,00;;0,35
2961;749;3;38,00;;
2962;750;2;20,40;;1,40
2963;751;2;20,70;;0,70
2966;752;2;18,00;;
2966;753;1;;0,35;
2967;755;3;8,00;;
2968;756;1;23,00;0,25;
2968;757;5;23,00;;
2968;758;2;28,00;-0,90;1,70
2969;761;1;14,00;;
2969;762;4;14,00;;
2969;763;2;11,50;;
2970;764;1;26,00;1,00;
2970;765;2;26,00;-0,80;1,60
2971;766;1;;0,40;
2972;772;1;39,00;6,00;
2974;773;1;10,00;;
2975;774;1;15,00;0,90;
2976;777;1;14,00;1,30;
2979;784;4;7,00;;
2980;785;4;;;
2981;788;1;14,00;0,70;
2981;789;3;7,50;;
2982;790;1;11,00;0,47;
2985;795;1;18,00;1,00;
2986;796;1;40,00;1,50;
2997;808;1;14,00;1,50;
2997;809;4;9,20;;
2998;810;1;31,00;0,75;
2999;811;1;11,00;0,70;
3000;812;1;12,00;1,00;
3001;813;4;19,00;;
3001;814;1;;;
3002;815;1;12,40;0,75;
3004;816;4;9,90;0,45;
3004;817;1;13,00;0,85;
3005;818;1;;0,50;
3009;820;1;11,00;0,80;
3010;821;1;;;
3011;822;1;16,00;2,40;
3013;827;1;5,00;;
3013;828;4;5,00;;
3014;829;1;20,00;;
3014;830;4;20,00;;
3015;833;1;14,22;1,65;
3015;834;4;14,22;;
3017;835;1;;;
3019;838;1;7,00;0,50;
3020;839;1;6,00;0,30;
3021;840;1;8,00;0,50;
3022;841;1;8,00;0,50;
3023;842;1;20,00;;
3024;843;1;120,00;3,60;
3025;844;1;9,00;;
3026;845;4;6,00;;
3029;847;2;12,00;-0,70;1,00
3030;848;2;18,40;-0,75;0,90
3031;849;1;15,50;0,25;
3032;851;1;9,50;0,30;
3033;852;1;13,00;0,30;
3034;853;1;14,00;0,40;
3035;854;1;16,00;0,40;
3036;855;1;15,00;0,30;
3039;856;4;13,00;;
3039;857;1;15,00;1,30;
3040;858;1;20,00;1,50;
3041;868;1;14,00;1,40;
3041;869;4;;;
3042;870;4;;;
3042;871;1;12,00;1,20;
3043;872;4;10,00;;
3043;873;1;15,00;1,35;
3044;874;1;16,00;2,00;
3044;875;4;;;
3045;876;1;22,00;2,00;
3045;877;4;;;
3046;878;4;6,00;;
3046;879;1;9,00;0,90;
3047;880;1;14,00;1,50;
3047;881;4;12,00;;
3047;882;4;;;
3048;883;1;13,00;1,30;
3048;884;4;;;
3050;886;5;9,00;;
3051;887;1;;0,45;
3052;888;4;7,50;;
3053;889;4;9,00;;
3054;890;4;8,00;;
3055;891;4;;;
3058;892;4;5,50;;
3117;894;2;12,50;;0,50
3120;895;4;8,05;;
3120;896;4;4,88;;
3123;897;4;7,75;;
3125;898;3;;;
3125;899;4;11,00;;
3126;900;4;13,00;;
3155;909;4;2,60;;
3156;910;1;2,25;;
3157;911;4;4,00;;
3158;912;5;5,00;;
3159;913;1;;;
3160;914;4;6,00;;
3160;915;1;6,00;;
3162;916;4;9,50;;
3163;917;4;5,00;;
3164;918;1;;;
3165;919;1;;;
3166;920;1;;;
3166;921;5;3,00;;
3167;922;5;3,35;;
3168;923;4;9,00;;
3169;924;1;;;
3170;925;1;;;
3170;926;4;8,50;;
3170;927;2;13,00;;
3171;928;1;12,50;;
3180;951;1;9,00;0,50;
3190;1947;1;;;
3190;1948;2;;;
3190;1949;4;;;
3191;1950;1;;;
3191;1951;4;8,00;;
3232;1952;1;16,00;1,00;
3233;1953;2;;-0,10;0,40
3233;1954;3;;;
3288;1957;2;25,00;;1,50
