"Bestattungsnummer";"Körperbestattungslage";"Arm_links";"Armwinkel_links";"Arm_rechts";"Armwinkel_rechts";"Beinhaltung";"Sonstige_Auffälligkeiten"
4;5;0;;0;;0;0
5;1;0;;0;;0;0
6;5;0;;0;;0;0
8;5;0;;0;;0;0
9;5;0;;0;;0;0
10;5;0;;0;;0;0
11;1;0;;0;;0;1
12;1;0;;0;;0;0
19;1;0;;0;;0;0
23;5;0;;0;;0;0
24;5;0;;0;;0;0
25;5;0;;0;;0;0
26;1;0;;0;;0;0
27;5;0;;0;;0;0
29;1;0;;0;;0;0
32;5;0;;0;;0;0
37;5;0;;0;;0;0
38;1;0;;0;;0;0
40;1;0;;0;;0;0
41;1;0;;0;;0;0
42;1;0;;0;;0;0
43;5;0;;0;;0;0
44;1;0;;0;;0;0
45;5;0;;0;;0;0
46;5;0;;0;;0;0
47;5;0;;0;;0;0
49;1;0;;0;;0;1
50;5;0;;0;;0;0
51;1;0;;0;;0;0
52;1;1;2;0;4;0;0
53;1;0;;0;;0;0
54;1;1;3;1;3;1;0
55;1;0;;0;;0;0
56;1;0;;0;;0;0
57;5;0;;0;;0;0
58;5;0;;0;;0;0
61;1;0;;0;;0;0
62;1;0;;0;;0;0
63;5;0;;0;;0;0
64;5;0;;0;;0;0
66;1;0;;0;;0;0
67;1;0;;0;;0;0
75;1;0;;0;;0;1
79;5;0;;0;;0;0
80;5;0;;0;;0;0
81;5;0;;0;;0;0
82;1;0;;0;;0;0
83;5;0;;0;;0;0
88;1;0;;0;;0;0
90;5;0;;0;;0;0
91;1;1;3;1;3;0;0
92;5;0;;0;;0;0
93;5;0;;0;;0;0
98;5;0;;0;;0;0
99;5;0;;0;;0;0
100;1;0;;0;;0;0
102;1;0;;0;;0;0
103;5;0;;0;;0;0
104;1;0;;0;;0;0
108;5;0;;0;;0;0
109;1;0;;0;;0;1
110;5;0;;0;;0;0
113;1;0;;0;;1;0
115;5;0;;0;;0;0
118;5;0;;0;;0;0
119;5;0;;0;;0;0
127;5;0;;0;;0;0
128;5;0;;0;;0;0
131;5;0;;0;;0;0
132;1;0;;0;;1;0
158;5;0;;0;;0;0
170;5;0;;0;;0;0
171;5;0;;0;;0;0
172;5;0;;0;;0;0
173;5;0;;0;;0;0
174;5;0;;0;;0;0
175;5;0;;0;;0;0
176;5;0;;0;;0;0
177;5;0;;0;;0;0
179;5;0;;0;;0;0
180;5;0;;0;;0;0
181;5;0;;0;;0;0
182;5;0;;0;;0;0
183;5;0;;0;;0;0
188;5;0;;0;;0;0
209;5;0;;0;;0;0
211;5;0;;0;;0;0
223;5;0;;0;;0;0
231;5;0;;0;;0;0
236;5;0;;0;;0;0
240;5;0;;0;;0;0
241;5;0;;0;;0;0
242;1;1;3;0;4;0;0
243;5;0;;0;;0;0
244;5;0;;0;;0;0
247;5;0;;0;;0;0
248;5;0;;0;;0;0
249;5;0;;0;;0;0
251;1;0;;0;;0;0
252;2;0;;0;;0;0
253;1;0;;0;;0;0
254;5;0;;0;;0;0
255;1;0;;0;;0;0
257;5;0;;0;;0;0
259;5;0;;0;;0;0
260;5;0;;0;;0;0
261;5;0;;0;;0;0
267;1;0;;0;;0;0
268;1;0;;0;;0;0
269;1;1;2;0;;0;0
270;1;0;;0;;0;0
271;1;0;;0;;0;0
272;1;0;;0;;0;0
273;1;0;;0;;0;0
274;5;0;;0;;0;0
275;1;0;;0;;0;0
288;5;0;;0;;0;0
293;5;0;;0;;0;0
314;5;0;;0;;0;0
315;5;0;;0;;0;0
316;5;0;;0;;0;0
317;5;0;;0;;0;0
318;5;0;;0;;0;0
319;5;0;;0;;0;0
320;5;0;;0;;0;0
321;5;0;;0;;0;0
322;5;0;;0;;0;0
323;5;0;;0;;0;0
324;5;0;;0;;0;0
325;5;0;;0;;0;0
326;5;0;;0;;0;0
327;5;0;;0;;0;0
328;5;0;;0;;0;0
329;5;0;;0;;0;0
330;5;0;;0;;0;0
331;5;0;;0;;0;0
332;5;0;;0;;0;0
333;5;0;;0;;0;0
334;5;0;;0;;0;0
336;5;0;;0;;0;0
337;5;0;;0;;0;0
338;5;0;;0;;0;0
339;5;0;;0;;0;0
340;5;0;;0;;0;0
341;5;0;;0;;0;0
342;5;0;;0;;0;0
343;5;0;;0;;0;0
344;1;0;5;1;2;0;0
345;5;0;;0;;0;0
346;1;0;;0;;1;0
347;1;0;;0;;0;0
349;5;0;;0;;0;0
350;5;0;;0;;0;0
351;5;0;;0;;0;0
352;5;0;;0;;0;0
372;5;0;;0;;0;0
374;5;0;;0;;0;0
376;5;0;;0;;0;0
377;5;0;;0;;0;0
419;5;0;;0;;0;0
438;5;0;;0;;0;0
449;5;0;;0;;0;0
450;5;0;;0;;0;0
451;5;0;;0;;0;0
452;1;0;;0;;0;0
455;5;0;;0;;0;0
456;5;0;;0;;0;0
457;1;0;;0;;0;0
461;1;0;;0;;0;0
462;5;0;;0;;0;0
464;5;0;;0;;0;0
466;5;0;;0;;0;0
468;5;0;;0;;0;0
469;5;0;;0;;0;0
471;5;0;;0;;0;0
473;5;0;;0;;0;0
474;1;0;;0;;0;0
475;5;0;;0;;0;0
477;5;0;;0;;0;0
478;5;0;;0;;0;0
479;5;0;;0;;0;0
480;5;0;;0;;0;0
482;5;0;;0;;0;0
484;1;0;4;1;1;0;0
485;5;0;;0;;0;0
493;5;0;;0;;0;0
494;1;0;;0;;0;0
496;4;0;;0;;0;0
498;1;0;5;1;2;0;0
500;5;0;;0;;0;0
501;5;0;;0;;0;0
502;1;0;;0;;0;0
505;1;0;;0;;1;0
506;1;0;;0;;0;0
507;1;0;;0;;0;0
508;1;0;;0;;0;0
509;1;0;;0;;0;0
510;4;0;;0;;0;0
513;5;0;;0;;0;0
514;1;0;;0;;0;0
517;5;0;;0;;0;0
518;5;0;;0;;0;0
519;5;0;;0;;0;0
520;5;0;;0;;0;0
523;5;0;;0;;0;0
524;1;0;;0;;0;0
527;5;0;;0;;0;0
528;5;0;;0;;0;0
530;5;0;;0;;0;0
531;5;0;;0;;0;0
532;5;0;;0;;0;0
533;1;0;;0;;0;0
534;5;0;;0;;0;0
535;5;0;;0;;0;0
536;1;0;;0;;0;0
539;5;0;;0;;0;0
540;5;0;;0;;0;0
541;1;0;;0;;0;0
542;5;0;;0;;0;0
545;5;0;;0;;0;0
547;5;0;;0;;0;0
548;5;0;;0;;0;0
549;5;0;;0;;0;0
550;5;0;;0;;0;0
552;5;0;;0;;0;0
553;5;0;;0;;0;0
554;5;0;;0;;0;0
555;5;0;;0;;0;0
556;5;0;;0;;0;0
557;5;0;;0;;0;0
558;5;0;;0;;0;0
559;5;0;;0;;0;0
560;5;0;;0;;0;0
561;5;0;;0;;0;0
569;5;0;;0;;0;0
572;5;0;;0;;0;0
573;5;0;;0;;0;0
574;1;0;;0;;0;0
575;1;0;;0;;0;0
576;5;0;;0;;0;0
579;5;0;;0;;0;0
580;5;0;;0;;0;0
581;1;0;;0;;0;0
582;5;0;;0;;0;0
583;5;0;;0;;0;0
584;5;0;;0;;0;0
585;1;0;;0;;0;0
586;5;0;;0;;0;0
587;5;0;;0;;0;0
589;1;0;;0;;0;0
592;5;0;;0;;0;0
593;5;0;;0;;0;0
595;5;0;;0;;0;0
596;5;0;;0;;0;0
599;5;0;;0;;0;0
601;5;0;;0;;0;0
603;5;0;;0;;0;0
615;5;0;;0;;0;0
618;5;0;;0;;0;0
620;5;0;;0;;0;0
625;5;0;;0;;0;0
628;5;0;;0;;0;0
629;5;0;;0;;0;0
631;5;0;;0;;0;0
632;5;0;;0;;0;0
633;5;0;;0;;0;0
634;5;0;;0;;0;0
666;5;0;;0;;0;0
667;5;0;;0;;0;0
675;1;0;;0;;0;0
676;5;0;;0;;0;0
677;1;0;;0;;0;0
678;5;0;;0;;0;0
679;5;0;;0;;0;0
680;5;0;;0;;0;0
681;5;0;;0;;0;0
684;1;0;;0;;0;0
702;5;0;;0;;0;0
703;5;0;;0;;0;0
704;5;0;;0;;0;0
705;5;0;;0;;0;0
706;5;0;;0;;0;0
707;5;0;;0;;0;0
708;5;0;;0;;0;0
709;5;0;;0;;0;0
710;5;0;;0;;0;0
711;5;0;;0;;0;0
715;5;0;;0;;0;0
716;5;0;;0;;0;0
719;1;1;1;0;4;0;0
721;2;1;3;0;4;0;1
722;2;1;2;0;4;0;0
723;1;1;1;1;1;0;0
724;1;0;;0;;0;0
725;1;0;;0;;0;0
726;1;0;;0;;0;0
727;2;0;;0;;0;1
729;1;0;;0;;0;0
730;5;0;;0;;0;0
731;1;1;2;0;4;0;0
732;1;0;;0;;0;0
733;1;0;;0;;0;0
734;1;0;;0;;0;0
735;1;0;;0;;0;0
736;1;0;;0;;0;0
737;5;0;;0;;0;0
739;1;0;;0;;0;0
740;1;0;;0;;0;0
742;1;0;;0;;0;0
743;1;0;;0;;0;0
744;5;0;;0;;0;0
745;5;0;;0;;0;0
746;1;0;;0;;0;0
747;1;0;;0;;0;0
748;1;1;3;0;4;0;0
749;5;0;;0;;0;0
750;1;0;4;1;1;1;0
751;1;0;;0;;0;0
752;1;0;;0;;0;0
753;1;0;;0;;0;0
754;1;0;;0;;0;0
755;1;0;;0;;0;0
756;1;0;;0;;0;0
757;1;0;;0;;0;0
758;1;0;;0;;0;0
759;5;0;;0;;0;0
760;1;0;;0;;0;0
761;1;0;;0;;0;0
762;1;0;;0;;0;0
763;1;0;;0;;0;0
764;1;0;;0;;0;0
765;1;1;2;1;2;0;0
766;1;0;;0;;0;0
767;1;0;;0;;1;0
768;5;0;;0;;0;0
770;1;0;;0;;0;0
771;1;0;;0;;0;0
772;1;0;;0;;0;0
773;1;0;;0;;0;0
774;1;0;;0;;0;0
775;5;0;;0;;0;0
776;5;0;;0;;0;0
777;1;0;;0;;0;0
778;1;0;;0;;0;0
779;5;0;;0;;0;0
780;1;0;;0;;0;0
781;1;0;1;1;2;0;0
782;5;0;;0;;0;0
783;1;0;;0;;0;0
784;5;0;;0;;0;0
785;1;0;;0;;0;0
786;1;0;;0;;0;0
788;1;0;;0;;0;0
789;1;0;;0;;0;0
790;5;0;;0;;0;0
791;1;0;;0;;0;0
792;5;0;;0;;0;0
793;1;0;;0;;0;0
794;1;0;;0;;0;0
795;1;0;;0;;0;0
796;1;0;;0;;0;0
797;5;0;;0;;0;0
798;1;0;;0;;0;0
799;1;0;;0;;0;0
800;5;0;;0;;0;0
801;1;0;;0;;0;0
802;1;0;4;1;2;0;0
803;1;0;;0;;0;0
804;1;0;;0;;0;0
805;1;0;;0;;0;0
806;1;0;;0;;0;0
807;1;0;;0;;0;0
808;1;0;;0;;0;0
810;1;1;1;0;4;0;0
811;5;0;;0;;0;0
812;1;1;1;0;4;0;0
813;1;1;3;1;3;0;0
814;5;0;;0;;0;0
815;5;0;;0;;0;0
816;1;0;;0;;0;0
817;1;0;;0;;0;0
818;1;0;;0;;0;0
819;1;0;;0;;0;0
820;1;0;;0;;0;0
821;1;1;2;0;4;1;0
822;1;0;;0;;0;0
824;1;0;;0;;0;0
825;1;0;;0;;0;0
826;1;0;;0;;0;0
827;1;1;1;1;2;0;0
828;1;0;;0;;0;0
829;1;0;;0;;0;0
830;1;0;;0;;0;0
831;5;0;;0;;0;0
832;5;0;;0;;0;0
833;1;0;;0;;0;0
835;1;0;;0;;0;0
836;5;0;;0;;0;0
837;5;0;;0;;0;0
838;1;0;;0;;0;0
839;1;0;4;1;2;0;0
840;1;0;;0;;0;0
842;1;1;2;1;2;0;0
843;1;0;;0;;0;0
844;1;0;;0;;0;0
845;1;0;;0;;0;0
846;1;1;3;1;1;0;0
847;1;1;3;0;4;0;0
848;1;0;;0;;0;0
849;1;1;1;1;4;0;0
850;1;0;;0;;0;0
851;1;0;;0;;0;0
852;1;0;;0;;0;0
853;1;0;;0;;0;0
854;1;0;;0;;0;0
855;1;0;;0;;0;0
856;1;0;;0;;0;0
857;1;0;4;1;1;0;0
859;1;0;;0;;0;0
860;1;0;;0;;0;0
861;1;1;1;0;4;0;0
862;1;1;4;1;1;0;1
863;4;0;;0;;0;0
864;1;0;;0;;0;1
865;1;0;;0;;0;0
866;1;0;;0;;0;0
867;5;0;;0;;0;0
869;5;0;;0;;0;0
871;5;0;;0;;0;0
873;1;0;;0;;0;0
874;5;0;;0;;0;0
875;5;0;;0;;0;0
876;1;0;;0;;0;0
877;5;0;;0;;0;0
878;1;0;;0;;0;0
880;1;0;;0;;0;0
881;5;0;;0;;0;0
882;5;0;;0;;0;0
883;5;0;;0;;0;0
884;1;0;;0;;0;0
885;5;0;;0;;0;0
886;5;0;;0;;0;0
887;5;0;;0;;0;0
888;5;0;;0;;0;0
889;1;0;;0;;0;0
890;1;0;;0;;0;0
891;5;0;;0;;0;0
892;5;0;;0;;0;0
893;1;0;;0;;0;0
894;5;0;;0;;0;0
895;5;0;;0;;0;0
896;5;0;;0;;0;0
897;1;0;;0;;0;0
898;5;0;;0;;0;0
899;1;0;;0;;0;0
900;5;0;;0;;0;0
901;1;0;;0;;0;0
902;5;0;;0;;0;0
903;1;0;;0;;0;0
907;1;0;;0;;0;0
908;1;0;;0;;0;0
909;1;0;;0;;0;0
910;1;0;;0;;0;0
911;5;0;;0;;0;0
912;1;0;;0;;0;0
913;1;0;;0;;0;0
914;5;0;;0;;0;0
915;5;0;;0;;1;0
916;5;0;;0;;0;0
918;5;0;;0;;0;0
919;5;0;;0;;0;0
926;1;0;;0;;0;0
927;1;0;;0;;0;0
928;1;0;;0;;0;0
930;1;0;;0;;0;0
931;1;0;;0;;0;0
932;5;0;;0;;0;0
933;5;0;;0;;0;0
935;1;0;;0;;0;0
937;5;0;;0;;0;0
939;1;0;;0;;0;0
941;1;0;;0;;0;0
942;1;0;;0;;0;0
943;1;0;;0;;0;0
944;5;0;;0;;0;0
945;5;0;;0;;0;0
946;5;0;;0;;0;0
947;5;0;;0;;0;0
948;5;0;;0;;0;0
949;4;0;;0;;0;0
950;5;0;;0;;0;0
951;1;0;;0;;0;0
960;5;0;;0;;0;0
961;1;0;;0;;0;0
962;1;0;;0;;0;0
963;1;0;;0;;0;0
964;1;0;;0;;1;0
967;5;0;;0;;0;0
978;5;0;;0;;0;0
979;5;0;;0;;0;0
991;5;0;;0;;0;0
992;5;0;;0;;0;0
995;5;0;;0;;0;0
997;5;0;;0;;0;0
1001;5;0;;0;;0;0
1006;5;0;;0;;0;0
1007;5;0;;0;;0;0
1008;5;0;;0;;0;0
1009;5;0;;0;;0;0
1010;5;0;;0;;0;0
1011;5;0;;0;;0;0
1018;1;0;;0;;0;1
1019;5;0;;0;;0;0
1020;5;0;;0;;0;0
1029;5;0;;0;;0;0
1030;5;0;;0;;0;0
1031;5;0;;0;;0;0
1032;1;0;;0;;0;0
1034;1;0;;0;;0;0
1035;5;0;;0;;0;0
1036;1;0;;0;;0;0
1038;5;0;;0;;0;0
1050;5;0;;0;;0;0
1051;5;0;;0;;0;0
1052;1;0;;0;;0;0
1053;5;0;;0;;0;0
1054;1;0;;0;;0;0
1055;1;0;;0;;0;0
1056;5;0;;0;;0;0
1061;5;0;;0;;0;0
1075;5;0;;0;;0;0
1076;5;0;;0;;0;0
1083;5;0;;0;;0;0
1087;5;0;;0;;0;0
1088;5;0;;0;;0;0
1089;5;0;;0;;0;0
1091;5;0;;0;;0;0
1093;5;0;;0;;0;0
1096;5;0;;0;;1;0
1097;5;0;;0;;0;0
1098;1;0;;0;;0;0
1099;1;0;;0;;0;0
1100;5;0;;0;;0;0
1101;5;0;;0;;0;0
1102;5;0;;0;;0;0
1103;1;0;;0;;0;0
1104;1;0;;0;;0;0
1105;4;0;;0;;0;0
1106;5;0;;0;;0;0
1107;5;1;1;0;5;1;0
1109;5;0;;0;;0;0
1110;5;0;;0;;0;0
1111;1;0;;0;;0;0
1112;5;0;;0;;0;0
1113;1;0;;0;;0;0
1114;1;0;4;1;1;0;0
1115;1;0;;0;;0;1
1117;1;0;;0;;0;0
1118;1;0;4;1;1;0;0
1119;5;0;;0;;0;0
1120;1;0;4;1;1;0;0
1121;5;0;;0;;0;0
1122;1;0;;0;;0;0
1123;1;0;;0;;0;0
1125;5;0;;0;;0;0
1127;5;0;;0;;0;0
1128;1;0;;0;;1;0
1130;5;0;;0;;0;0
1132;5;0;;0;;0;0
1133;1;0;;0;;0;0
1134;5;0;;0;;0;0
1135;1;0;;0;;0;0
1136;5;0;;0;;0;0
1145;1;0;;0;;0;0
1146;1;0;;0;;0;0
1147;5;0;;0;;0;0
1154;1;0;;0;;0;0
1186;5;0;;0;;0;0
1187;5;0;;0;;0;0
1191;1;0;;0;;0;0
1193;5;0;;0;;0;0
1194;5;0;;0;;0;0
1196;5;0;;0;;0;0
1197;1;0;;0;;0;0
1198;1;0;;0;;0;0
1199;1;0;;0;;0;0
1201;5;0;;0;;0;0
1203;5;0;;0;;0;0
1217;5;0;;0;;0;0
1219;5;0;;0;;0;0
1229;1;0;;0;;0;0
1233;1;0;;0;;0;0
1234;1;0;;0;;0;0
1245;5;0;;0;;0;0
1250;1;0;;0;;0;0
1258;5;0;;0;;0;0
1260;4;0;;0;;0;0
1285;5;0;;0;;0;0
1303;5;0;;0;;0;0
1382;1;0;;0;;0;0
1391;1;0;;0;;0;0
1395;1;0;;0;;0;0
1400;1;1;1;1;2;0;0
1402;1;0;;0;;1;0
1403;5;0;;0;;0;0
1404;5;0;;0;;0;0
1405;1;0;;0;;0;0
1409;2;0;;0;;0;0
1410;5;0;;0;;0;0
1411;4;0;;0;;1;0
1412;1;0;;0;;0;0
1413;2;0;;0;;0;0
1414;1;0;;0;;1;0
1415;2;0;;0;;0;0
1416;1;0;;0;;0;0
1427;5;0;;0;;0;0
1436;1;0;;0;;0;0
1439;1;0;;0;;0;0
1453;1;0;;0;;0;0
1455;1;0;;0;;0;0
1469;5;0;;0;;0;0
1470;5;0;;0;;0;0
1471;4;0;;0;;1;0
1488;1;0;;0;;0;0
1490;1;0;;0;;0;0
1491;1;0;;0;;0;0
1492;1;0;;0;;0;0
1493;1;0;;0;;0;0
1509;2;1;3;1;3;1;0
1510;1;0;;0;;0;0
1516;5;0;;0;;0;0
1518;5;0;;0;;0;0
1519;5;0;;0;;0;0
1521;5;0;;0;;0;0
1522;1;1;2;1;2;0;0
1527;5;0;;0;;0;0
1529;5;0;;0;;0;0
1530;1;0;;0;;0;0
1533;1;0;;0;;0;0
1534;1;0;;0;;0;0
1535;1;0;;0;;0;0
1542;1;0;;0;;0;0
1543;1;0;;0;;0;0
1545;1;0;;0;;0;0
1547;5;0;;0;;0;0
1549;5;0;;0;;0;0
1550;1;1;2;1;2;0;0
1552;5;0;;0;;0;0
1553;5;0;;0;;0;0
1557;1;0;;0;;0;0
1558;5;0;;0;;0;0
1559;5;0;;0;;0;0
1560;1;0;;0;;0;0
1561;1;1;1;0;4;0;0
1562;5;0;;0;;0;0
1564;1;0;;0;;0;0
1566;1;0;;0;;0;0
1567;1;0;;0;;0;0
1568;5;0;;0;;0;1
1572;1;0;;0;;0;0
1573;1;0;;0;;0;0
1575;1;0;;0;;0;0
1577;1;0;;0;;0;0
1579;1;0;;0;;0;0
1580;1;0;;0;;0;0
1583;1;0;;0;;0;0
1584;1;0;;0;;0;0
1585;1;0;;0;;0;0
1592;5;0;;0;;0;1
1593;5;0;;0;;0;1
1597;5;0;;0;;0;0
1643;5;0;;0;;0;0
1644;5;0;;0;;0;0
1655;5;0;;0;;0;0
1658;1;0;;0;;0;0
1664;4;0;;0;;0;0
1667;1;0;;0;;0;0
1673;1;0;;0;;0;0
1679;1;0;;0;;0;0
1680;1;0;;0;;0;0
1681;1;0;;0;;0;0
1682;1;0;;0;;0;0
1683;1;0;;0;;0;0
1684;5;0;;0;;0;0
1685;1;0;;0;;0;0
1686;1;0;;0;;0;0
1687;1;0;;0;;0;0
1689;1;0;;0;;0;0
1690;5;0;;0;;0;0
1691;5;0;;0;;0;1
1697;1;0;;0;;0;0
1705;1;0;;0;;0;0
1719;5;0;;0;;0;0
1729;1;0;;0;;0;0
1736;1;0;;0;;0;0
1745;1;0;;0;;0;0
1752;1;0;;0;;0;0
1772;5;0;;0;;0;0
1774;1;0;;0;;0;0
1787;1;0;;0;;0;0
1788;1;0;;0;;0;0
1792;1;0;;0;;0;0
1799;1;0;;0;;0;1
1825;1;0;;0;;0;0
1855;1;0;;0;;0;0
1858;1;0;;0;;0;0
1860;1;0;;0;;0;0
1874;1;0;;0;;0;0
1880;1;0;;0;;1;0
1881;1;0;;0;;0;0
1886;1;0;;0;;0;0
1887;1;0;;0;;0;0
1897;1;0;;0;;0;1
1902;1;0;;0;;0;0
1903;1;0;;0;;0;0
1906;1;0;;0;;0;0
1913;1;0;;0;;0;0
1914;1;0;4;1;;0;0
1915;1;0;;0;;0;0
1928;1;0;;0;;0;0
1948;1;0;;0;;0;0
1954;1;0;;0;;0;0
1955;1;0;;0;;0;0
1984;1;0;;0;;0;0
2038;1;0;;0;;0;0
2042;1;0;;0;;0;0
2043;1;0;;0;;0;0
2048;1;0;;0;;0;1
2049;1;0;;0;;0;0
2108;1;1;3;1;;0;0
2113;1;0;;0;;0;0
2114;1;0;;0;;0;0
2115;1;0;;0;;1;0
2117;1;0;;0;;0;0
2118;4;0;;0;;0;0
2120;1;0;;0;;0;0
2121;1;0;5;1;3;0;0
2124;1;1;3;1;3;0;0
2126;4;0;;0;;0;0
2127;1;0;;0;;0;0
2128;1;0;;0;;0;0
2129;1;0;;0;;0;0
2130;1;0;;0;;0;0
2131;1;0;;0;;0;0
2132;1;0;;0;;0;0
2133;1;1;3;1;3;0;0
2134;1;1;1;1;1;0;0
2135;1;1;3;1;2;0;1
2137;1;0;;0;;0;0
2141;1;0;;0;;0;0
2143;1;1;3;1;3;0;0
2145;1;1;3;0;4;0;0
2148;1;1;2;1;2;0;0
2149;1;0;4;1;1;0;0
2150;1;0;;0;;0;0
2151;1;1;2;1;3;0;0
2152;1;1;2;1;2;1;0
2155;1;0;;0;;0;0
2157;4;0;;0;;1;0
2159;1;1;3;1;3;0;0
2160;1;1;3;1;3;0;0
2161;1;0;4;1;2;0;0
2164;1;0;;0;;0;0
2170;1;0;;0;;0;1
2172;1;0;;0;;0;0
2173;1;0;;0;;0;0
2174;1;0;;0;;0;0
2176;1;0;;0;;0;0
2177;4;0;;0;;0;0
2178;1;0;;0;;0;0
2179;1;0;;0;;0;0
2193;1;0;;0;;1;0
2194;1;1;1;0;4;0;0
2201;1;0;2;1;4;0;0
2202;4;0;;0;;0;0
2203;1;1;1;1;1;0;0
2204;1;0;;0;;1;0
2208;1;0;;0;;0;0
2209;5;0;;0;;0;0
2211;4;0;;0;;0;0
2213;1;0;;0;;0;0
2214;1;0;;0;;0;0
2217;1;0;;0;;0;0
2219;1;0;;0;;0;0
2220;1;0;2;1;4;0;0
2221;1;1;1;1;;0;0
2222;1;1;2;0;5;0;0
2224;1;0;;0;;0;0
2237;1;0;;0;;0;0
2244;1;0;;0;;0;0
2246;1;0;;0;;0;0
2247;1;0;;0;;0;0
2251;1;0;;0;;0;0
2253;1;0;;0;;1;0
2254;1;0;;0;;0;0
2255;1;0;;0;;0;0
2262;1;1;1;0;4;1;0
2278;1;0;;0;;0;0
2279;1;1;2;0;4;0;0
2282;1;0;;0;;0;0
2296;1;0;;0;;0;0
2298;1;0;;0;;0;0
2306;1;0;;0;;0;0
2318;1;0;;0;;0;0
2320;1;0;;0;;0;0
2323;1;0;;0;;0;0
2330;1;0;;0;;0;0
2335;1;0;;0;;0;0
2351;1;0;;0;;0;0
2352;1;0;;0;;0;0
2353;1;0;;0;;0;0
2381;1;0;;0;;0;0
2385;1;0;;0;;0;0
2395;1;0;;0;;0;0
2400;1;0;;0;;0;0
2407;1;1;3;0;3;0;1
2408;1;0;;0;;0;0
2409;1;0;;0;;0;0
2412;1;0;;0;;0;0
2413;1;0;;0;;0;0
2415;1;1;2;0;4;0;0
2416;1;0;;0;;0;0
2419;1;0;;0;;0;0
2420;1;0;;0;;0;0
2422;1;0;4;1;1;1;0
2423;1;0;;0;;0;0
2424;1;0;;0;;0;0
2425;1;0;4;1;2;0;0
2432;1;0;;0;;0;0
2434;1;0;;0;;1;0
2435;2;0;;0;;0;0
2436;1;0;;0;;0;0
2437;1;0;;0;;0;0
2438;1;0;;0;;0;0
2439;1;1;4;1;1;0;0
2440;1;0;;0;;0;0
2441;1;0;;0;;1;0
2444;1;0;;0;;0;0
2445;1;1;2;0;5;0;0
2447;1;0;;0;;1;0
2448;1;0;;0;;0;0
2449;1;0;;0;;0;0
2450;1;0;;0;;0;0
2451;4;0;;0;;1;0
2453;1;1;1;0;2;0;0
2454;1;0;;0;;0;0
2457;1;1;3;0;5;0;0
2460;1;0;;0;;0;0
2492;1;0;;0;;0;0
2498;1;1;2;0;4;0;0
2499;1;0;;0;;0;0
2503;1;0;;0;;0;0
2513;1;0;;0;;0;0
2519;1;0;;0;;0;0
2523;1;0;;0;;0;0
2529;1;0;;0;;0;0
2582;1;0;;0;;0;0
2597;1;0;;0;;0;0
2605;5;0;;0;;0;0
2609;1;0;;0;;0;0
2610;1;1;1;1;1;0;0
2611;1;0;;0;;0;0
2616;1;0;;0;;0;0
2618;1;0;;0;;0;0
2619;1;0;;0;;0;0
2631;1;0;;0;;0;0
2659;1;1;1;1;1;0;0
2668;5;0;4;1;2;0;0
2680;1;0;;0;;0;0
2685;1;1;3;0;3;0;0
2696;1;0;;0;;0;0
2720;1;0;;0;;0;0
2729;1;0;;0;;0;0
2730;1;0;;0;;0;0
2733;1;0;;0;;0;0
2734;1;0;;0;;0;0
2736;1;0;;0;;0;0
2737;1;0;;0;;0;0
2743;1;1;1;1;1;0;0
2745;1;0;4;1;2;0;0
2752;1;0;;0;;0;0
2762;1;0;;0;;0;0
2763;1;1;3;1;3;0;0
2765;1;0;4;1;1;0;1
2775;5;1;1;1;1;0;0
2795;1;0;;0;;0;0
2807;1;1;3;0;4;1;0
2816;1;1;3;1;1;0;0
2817;1;0;4;1;3;0;0
2818;1;0;0;0;;0;0
2821;1;1;1;1;1;0;0
2822;2;1;3;1;3;1;0
2823;1;1;2;1;2;0;0
2824;1;1;1;0;4;1;0
2826;1;1;1;1;1;0;0
2828;1;1;1;1;3;1;0
2842;1;0;;0;;0;0
2897;1;0;;0;;0;0
2911;1;0;0;0;;0;0
2917;1;0;0;0;;0;0
2922;1;0;0;0;;0;0
2932;1;1;2;0;4;0;0
2934;1;0;0;0;;0;0
2938;4;0;0;0;;0;0
2940;4;0;0;0;;0;0
2941;4;0;0;0;;0;0
2946;1;0;0;0;;1;0
2947;1;1;1;1;1;1;0
2951;1;0;0;0;;0;0
