"Lokalitätsnummer";"Gemeinde";"Landkreis";"Bundesland"
11;3;3;3
17;5;3;3
18;6;4;4
19;7;5;4
20;8;6;4
22;10;8;3
23;11;9;4
24;12;10;3
25;13;11;4
26;14;12;4
27;16;14;4
32;19;17;4
33;20;18;4
36;23;21;4
38;25;14;4
41;27;24;3
42;28;25;3
43;29;14;4
44;30;26;4
45;31;27;4
46;32;28;4
48;33;26;4
49;34;14;4
50;35;29;3
51;36;30;4
54;39;5;4
55;40;9;4
60;45;12;4
63;48;5;4
64;49;12;4
67;52;12;4
68;53;21;4
70;54;35;3
72;57;21;4
75;57;25;3
76;60;9;4
77;61;12;4
78;62;12;4
80;64;24;3
81;65;36;4
90;74;40;4
94;78;28;4
95;79;26;4
96;80;42;4
97;81;27;4
99;83;42;4
100;84;44;4
102;86;35;3
104;88;4;4
105;89;71;4
106;90;46;3
107;91;47;3
636;151;5;4
637;179;5;4
638;115;6;4
639;131;6;4
640;146;6;4
641;148;6;4
642;157;6;4
643;207;6;4
644;209;6;4
645;235;6;4
646;236;6;4
647;106;9;4
648;107;9;4
649;111;9;4
650;238;9;4
651;285;9;4
652;203;11;4
653;110;12;4
654;113;12;4
655;122;12;4
656;142;12;4
657;149;12;4
658;198;12;4
659;206;12;4
660;280;12;4
661;116;14;4
662;166;14;4
663;200;14;4
664;232;14;4
665;112;17;4
666;140;17;4
667;144;17;4
668;153;17;4
669;169;17;4
670;248;17;4
671;119;21;4
672;120;21;4
673;127;21;4
674;136;21;4
675;173;21;4
676;196;21;4
677;201;21;4
678;210;21;4
679;228;21;4
680;231;21;4
681;267;21;4
682;268;21;4
683;130;26;4
684;135;26;4
685;171;26;4
686;220;26;4
687;108;36;4
688;114;36;4
689;155;36;4
690;158;36;4
691;162;36;4
692;177;36;4
693;178;36;4
694;212;36;4
695;230;36;4
696;263;36;4
697;139;40;4
698;145;40;4
699;180;40;4
700;202;40;4
701;253;40;4
702;175;42;4
703;167;52;4
704;118;53;4
705;123;53;4
706;195;53;4
707;245;53;4
708;284;53;4
709;125;54;4
710;129;54;4
711;141;54;4
712;227;56;4
713;260;56;4
714;282;56;4
715;215;57;4
716;126;58;4
717;143;58;4
718;163;58;4
719;1514;58;4
720;124;64;4
721;192;64;4
722;150;65;4
723;152;65;4
724;168;65;4
725;172;65;4
726;176;65;4
727;204;65;4
728;214;65;4
729;223;65;4
730;240;65;4
731;255;65;4
732;264;65;4
733;265;65;4
734;286;65;4
735;109;66;4
736;154;66;4
737;165;66;4
738;199;66;4
739;117;68;4
740;128;68;4
741;134;68;4
742;156;68;4
743;159;68;4
744;160;68;4
745;174;68;4
746;221;68;4
747;229;68;4
748;237;68;4
749;249;68;4
750;252;68;4
751;283;68;4
752;164;69;4
753;67;71;4
754;87;71;4
755;121;71;4
756;132;71;4
757;133;71;4
758;137;71;4
759;138;71;4
760;147;71;4
761;161;71;4
762;170;71;4
764;287;72;3
765;288;73;3
766;289;74;3
767;290;72;3
768;292;75;3
769;293;74;3
770;294;72;3
771;295;74;3
772;296;74;3
773;297;74;3
775;298;74;3
776;299;72;3
777;300;73;3
778;301;74;3
779;302;72;3
781;303;72;3
782;304;75;3
783;305;73;3
784;306;74;3
785;307;74;3
786;308;74;3
787;309;77;3
789;310;78;3
790;311;75;3
792;312;72;3
793;313;75;3
794;314;73;3
795;315;74;3
796;316;72;3
798;317;74;3
799;318;79;3
800;319;78;3
801;320;72;3
802;321;72;3
803;322;72;3
804;323;72;3
805;324;72;3
806;325;72;3
807;326;72;3
808;327;73;3
809;328;73;3
810;329;73;3
811;330;73;3
812;331;73;3
813;332;73;3
814;333;73;3
815;334;73;3
816;335;73;3
817;336;73;3
818;337;78;3
819;338;78;3
820;339;78;3
821;340;78;3
822;341;74;3
823;342;74;3
824;343;74;3
825;344;74;3
826;345;74;3
827;346;74;3
828;347;74;3
829;348;77;3
830;349;47;3
831;350;47;3
832;351;47;3
833;352;47;3
834;353;47;3
835;354;75;3
836;355;75;3
837;356;75;3
838;357;75;3
974;359;80;3
975;396;80;3
976;402;80;3
977;410;80;3
978;412;80;3
979;414;80;3
980;421;80;3
981;430;80;3
982;361;81;3
983;372;82;3
984;389;82;3
985;423;82;3
986;425;82;3
987;443;82;3
988;380;83;3
989;404;83;3
990;437;83;3
991;440;83;3
992;442;83;3
993;449;83;3
994;480;83;3
995;369;84;3
996;371;84;3
997;376;84;3
998;389;84;3
999;401;84;3
1000;411;84;3
1001;418;84;3
1002;420;84;3
1003;431;84;3
1004;432;84;3
1005;434;84;3
1006;435;84;3
1007;436;84;3
1008;452;84;3
1009;462;84;3
1010;465;84;3
1011;466;84;3
1012;478;84;3
1013;374;85;3
1014;381;85;3
1015;382;85;3
1016;383;85;3
1017;389;85;3
1018;419;85;3
1019;422;85;3
1020;439;85;3
1021;444;85;3
1022;457;85;3
1023;472;85;3
1024;485;85;3
1025;360;86;3
1026;370;86;3
1027;385;86;3
1028;392;86;3
1029;413;86;3
1030;415;86;3
1031;428;86;3
1032;470;86;3
1033;475;86;3
1034;489;86;3
1035;363;87;3
1036;364;87;3
1037;365;87;3
1038;366;87;3
1039;373;87;3
1040;399;87;3
1041;400;87;3
1042;407;87;3
1043;408;87;3
1044;409;87;3
1045;438;87;3
1046;447;87;3
1047;450;87;3
1048;460;87;3
1049;468;87;3
1050;471;87;3
1051;473;87;3
1052;484;87;3
1053;486;87;3
1054;358;88;3
1055;367;88;3
1056;377;88;3
1057;378;88;3
1058;386;88;3
1059;391;88;3
1060;393;88;3
1061;395;88;3
1062;397;88;3
1063;398;88;3
1064;424;88;3
1065;429;88;3
1066;446;88;3
1067;451;88;3
1068;458;88;3
1069;461;88;3
1070;463;88;3
1071;469;88;3
1072;474;88;3
1073;479;88;3
1074;481;88;3
1075;482;88;3
1076;464;89;3
1077;2;90;3
1078;362;90;3
1079;368;90;3
1080;375;90;3
1081;379;90;3
1082;384;90;3
1083;387;90;3
1084;388;90;3
1085;389;90;3
1086;390;90;3
1087;394;90;3
1088;403;90;3
1089;405;90;3
1090;406;90;3
1091;416;90;3
1092;417;90;3
1093;426;90;3
1094;427;90;3
1095;433;90;3
1096;441;90;3
1097;445;90;3
1098;448;90;3
1099;453;90;3
1100;454;90;3
1101;455;90;3
1102;456;90;3
1103;459;90;3
1104;467;90;3
1105;476;90;3
1106;477;90;3
1107;483;90;3
1108;488;90;3
1111;519;3;3
1112;536;3;3
1113;563;3;3
1114;566;3;3
1115;569;3;3
1116;576;3;3
1118;495;10;3
1119;507;10;3
1120;511;10;3
1121;513;10;3
1122;515;10;3
1123;517;10;3
1124;518;10;3
1125;389;10;3
1126;526;10;3
1127;527;10;3
1128;533;10;3
1129;547;10;3
1130;550;10;3
1131;551;10;3
1132;552;10;3
1133;558;10;3
1134;564;10;3
1135;574;10;3
1136;581;10;3
1137;584;10;3
1139;514;24;3
1140;520;24;3
1141;389;24;3
1142;523;24;3
1143;531;24;3
1144;537;24;3
1145;538;24;3
1146;541;24;3
1147;557;24;3
1148;559;24;3
1149;570;24;3
1150;572;24;3
1151;575;24;3
1152;582;24;3
1155;492;25;3
1156;501;25;3
1157;505;25;3
1158;509;25;3
1159;389;25;3
1160;524;25;3
1161;528;25;3
1162;529;25;3
1163;543;25;3
1164;546;25;3
1165;573;25;3
1166;587;25;3
1168;506;29;3
1169;510;29;3
1170;516;29;3
1171;542;29;3
1172;549;29;3
1173;556;29;3
1174;565;29;3
1175;577;29;3
1176;578;29;3
1177;585;29;3
1178;586;29;3
1181;508;35;3
1182;512;35;3
1183;389;35;3
1184;525;35;3
1185;532;35;3
1186;534;35;3
1187;539;35;3
1188;540;35;3
1189;544;35;3
1190;554;35;3
1191;568;35;3
1192;580;35;3
1193;27;91;3
1194;535;92;3
1195;503;93;3
1196;548;94;3
1197;522;95;3
1198;545;95;3
1199;562;95;3
1200;567;95;3
1201;494;96;3
1202;530;96;3
1203;553;96;3
1204;555;96;3
1205;560;96;3
1206;561;96;3
1207;571;96;3
1208;579;96;3
1209;583;96;3
1210;588;8;3
1211;589;97;3
1212;590;98;3
1213;591;99;3
1214;592;99;3
1215;514;99;3
1216;593;99;3
1217;594;99;3
1218;595;99;3
1219;596;99;3
1220;597;99;3
1221;598;99;3
1222;599;99;3
1223;600;99;3
1224;601;100;3
1225;602;100;3
1226;603;100;3
1227;604;100;3
1228;605;100;3
1229;606;100;3
1230;607;100;3
1231;608;100;3
1232;609;100;3
1233;610;101;3
1234;611;101;3
1235;612;101;3
1236;613;101;3
1237;614;102;3
1238;615;102;3
1239;616;102;3
1240;617;102;3
1241;618;102;3
1242;619;102;3
1243;621;102;3
1244;665;102;3
1245;622;102;3
1246;623;102;3
1247;624;102;3
1248;1505;103;3
1249;625;103;3
1250;626;103;3
1251;627;103;3
1252;628;103;3
1253;629;103;3
1254;630;103;3
1255;631;103;3
1256;632;103;3
1257;633;103;3
1258;634;103;3
1259;635;197;3
1260;636;103;3
1261;637;103;3
1262;638;103;3
1263;639;103;3
1264;640;103;3
1265;641;103;3
1266;642;104;3
1267;643;104;3
1268;644;104;3
1269;645;104;3
1270;646;104;3
1271;647;105;3
1272;648;105;3
1273;649;105;3
1274;650;105;3
1275;651;105;3
1276;652;105;3
1277;216;105;3
1278;653;105;3
1279;654;105;3
1280;655;105;3
1281;656;105;3
1282;657;105;3
1283;658;105;3
1284;659;105;3
1285;660;105;3
1286;661;105;3
1287;662;105;3
1288;663;105;3
1289;664;105;3
1290;666;109;3
1291;667;110;3
1292;668;110;3
1293;669;109;3
1294;670;109;3
1295;671;109;3
1296;672;109;3
1297;673;109;3
1298;674;109;3
1299;675;110;3
1300;676;109;3
1301;677;109;3
1302;678;174;3
1303;679;109;3
1304;680;107;3
1305;681;109;3
1306;682;109;3
1307;683;109;3
1308;684;109;3
1309;685;109;3
1310;686;115;3
1311;687;115;3
1312;688;97;3
1313;689;97;3
1314;690;115;3
1315;691;97;3
1316;692;115;3
1317;693;97;3
1318;694;97;3
1319;695;97;3
1320;696;98;3
1321;697;98;3
1322;698;112;3
1323;699;112;3
1324;700;98;3
1325;701;98;3
1326;702;109;3
1327;703;112;3
1328;704;98;3
1329;705;109;3
1330;706;114;3
1331;707;109;3
1332;708;109;3
1333;709;109;3
1334;710;107;3
1335;710;109;3
1336;711;109;3
1337;712;116;3
1338;713;98;3
1339;714;98;3
1340;715;98;3
1341;716;109;3
1342;717;97;3
1343;718;97;3
1344;719;97;3
1345;720;97;3
1346;721;74;3
1347;722;97;3
1348;723;97;3
1349;724;97;3
1350;725;97;3
1351;726;109;3
1352;727;109;3
1353;728;97;3
1354;729;97;3
1355;730;97;3
1356;731;109;3
1357;732;97;3
1358;733;109;3
1359;734;98;3
1360;735;98;3
1361;736;107;3
1362;737;107;3
1363;738;97;3
1364;739;97;3
1365;740;112;3
1366;741;97;3
1367;716;112;3
1368;742;97;3
1369;743;97;3
1370;744;97;3
1371;745;97;3
1372;746;97;3
1373;747;97;3
1374;748;97;3
1375;331;112;3
1376;749;112;3
1377;750;112;3
1378;751;97;3
1379;752;97;3
1380;753;112;3
1381;754;112;3
1382;755;97;3
1383;756;97;3
1384;757;97;3
1385;758;97;3
1386;759;97;3
1387;760;97;3
1388;761;97;3
1389;762;97;3
1390;763;112;3
1391;764;112;3
1392;765;97;3
1393;766;97;3
1394;767;97;3
1395;768;112;3
1396;769;112;3
1397;770;112;3
1398;771;112;3
1399;772;112;3
1400;773;112;3
1401;774;112;3
1402;775;112;3
1403;776;112;3
1404;777;112;3
1405;778;112;3
1406;779;112;3
1407;780;113;3
1408;781;113;3
1409;782;112;3
1410;783;112;3
1411;784;113;3
1412;679;112;3
1413;785;112;3
1414;786;112;3
1415;787;112;3
1416;788;112;3
1417;789;113;3
1418;790;112;3
1419;791;112;3
1420;792;112;3
1421;793;112;3
1422;794;112;3
1423;795;112;3
1424;796;112;3
1425;797;112;3
1426;798;112;3
1427;799;112;3
1428;800;8;3
1429;801;8;3
1430;802;8;3
1431;803;8;3
1432;804;115;3
1433;805;97;3
1434;806;8;3
1435;807;8;3
1436;808;115;3
1437;809;97;3
1438;694;8;3
1439;810;97;3
1440;811;98;3
1441;812;98;3
1442;813;109;3
1443;814;109;3
1444;815;109;3
1445;816;109;3
1446;817;109;3
1447;818;109;3
1448;819;109;3
1449;820;109;3
1450;821;109;3
1451;822;109;3
1452;823;109;3
1453;824;109;3
1454;825;109;3
1455;826;109;3
1456;827;109;3
1457;828;109;3
1458;829;109;3
1459;831;109;3
1460;830;109;3
1461;832;109;3
1462;833;109;3
1463;834;109;3
1464;835;109;3
1471;841;118;4
1513;872;28;4
1525;884;25;3
1528;887;58;4
1533;891;42;4
1534;892;9;4
1538;896;35;3
1540;898;127;4
1541;899;123;4
1546;903;11;4
1547;904;40;4
1548;905;71;4
1549;906;117;4
1553;910;26;4
1577;930;122;4
1582;934;21;4
1583;935;121;4
1585;937;71;4
1586;938;9;4
1588;1268;26;4
1591;942;58;4
1592;943;17;4
1596;947;11;4
1599;949;123;4
1610;959;9;4
1611;960;35;3
1614;962;27;4
1618;967;65;4
1620;968;150;4
1623;971;21;4
1624;220;151;4
1625;972;58;4
1627;974;36;4
1631;978;4;4
1633;980;56;4
1635;981;152;4
1638;1269;28;4
1640;985;128;4
1641;986;127;4
1642;987;71;4
1643;988;122;4
1645;990;71;4
1650;995;131;4
1653;998;18;4
1658;1003;128;4
1660;1005;131;4
1663;1008;6;4
1664;1009;54;4
1665;1010;11;4
1666;1011;21;4
1669;1014;131;4
1670;1015;127;4
1672;653;12;4
1676;1022;131;4
1677;1023;28;4
1678;1025;25;3
1683;1029;26;4
1697;1043;117;4
1699;1044;155;4
1703;1047;27;4
1707;1051;65;4
1709;1053;18;4
1711;1055;68;4
1713;1057;27;4
1725;1068;127;4
1726;1069;27;4
1730;1073;21;4
1736;1078;4;4
1737;1079;26;4
1739;1270;26;4
1741;1082;35;3
1746;1087;122;4
1754;1095;40;4
1755;1096;52;4
1757;1098;26;4
1758;1099;11;4
1759;1100;54;4
1760;1101;12;4
1761;1102;26;4
1762;1103;127;4
1767;1108;11;4
1769;1110;4;4
1772;1113;6;4
1776;726;96;3
1777;1117;44;4
1780;1120;65;4
1791;1131;11;4
1798;1138;11;4
1801;1140;21;4
1802;1141;36;4
1803;1142;117;4
1804;1143;152;4
1810;1148;117;4
1828;1165;52;4
1837;1173;117;4
1844;1180;57;4
1846;1182;122;4
1848;1184;128;4
1850;1186;128;4
1851;1187;26;4
1852;1188;123;4
1859;1195;11;4
1860;1196;127;4
1866;1202;17;4
1867;1203;11;4
1869;164;162;4
1874;1206;21;4
1875;1207;28;4
1876;1208;11;4
1884;1215;44;4
1885;1216;52;4
1887;280;163;4
1890;1219;40;4
1895;1224;128;4
1903;1231;27;4
1907;1235;64;4
1908;1236;36;4
1909;1237;131;4
1910;1238;127;4
1911;1239;4;4
1913;1241;44;4
1914;1242;44;4
1916;1244;28;4
1920;1248;127;4
1924;1251;28;4
1930;1257;131;4
1935;1262;24;3
1936;1272;104;3
1937;1273;113;3
1938;1274;8;3
1939;1275;8;3
1941;1276;87;3
1942;1278;84;3
1943;1279;72;3
1944;1280;90;3
1945;1281;85;3
1946;1282;86;3
1947;1283;165;3
1949;1285;11;4
1952;685;165;3
1953;1289;46;3
1954;1290;46;3
1955;1291;46;3
1956;1292;46;3
1957;1293;46;3
1958;1294;168;3
1959;1295;168;3
1960;1290;168;3
1961;1296;168;3
1962;1297;168;3
1963;1298;168;3
1964;1299;8;3
1965;1300;8;3
1966;1301;8;3
1967;1302;170;3
1968;15;170;3
1969;1304;170;3
1970;1305;170;3
1971;1306;170;3
1972;1307;171;3
1973;1308;171;3
1974;1309;173;3
1975;1310;173;3
1976;1311;173;3
1977;1312;173;3
1978;1313;174;3
1979;1314;174;3
1980;1315;174;3
1981;1316;174;3
1982;1317;174;3
1983;1318;35;3
1984;585;12;4
1985;1319;14;4
1986;1320;14;4
1987;1321;53;4
1988;1322;58;4
1989;1323;122;4
1990;1324;40;4
1991;1325;40;4
1992;1326;65;4
1993;911;65;4
1994;1328;65;4
1995;1329;65;4
1996;1330;128;4
1997;1331;128;4
1998;1332;128;4
1999;1333;128;4
2000;1334;128;4
2002;1336;68;4
2003;1337;175;3
2004;1338;175;3
2005;1339;175;3
2006;1340;175;3
2008;1341;175;3
2009;1342;176;3
2010;1343;177;3
2011;1344;177;3
2012;1345;71;4
2013;1346;9;4
2014;1347;177;3
2015;1348;178;3
2016;1349;178;3
2017;1350;176;3
2018;1351;176;3
2019;1352;179;3
2020;1353;180;3
2021;1354;181;3
2022;1355;176;3
2023;1356;181;3
2024;1357;181;3
2025;1358;181;3
2026;1359;182;3
2027;1360;182;3
2028;1361;182;3
2029;1362;182;3
2030;1363;182;3
2031;1364;182;3
2032;1365;182;3
2033;1366;115;3
2034;1367;183;3
2035;1368;115;3
2036;1369;115;3
2037;1370;184;3
2038;1371;184;3
2039;1372;184;3
2040;1373;184;3
2041;1374;184;3
2042;1375;185;3
2043;1376;186;3
2044;1377;187;3
2045;1378;188;3
2046;1379;188;3
2047;1380;189;3
2048;1381;188;3
2049;1382;188;3
2050;1383;188;3
2052;1384;190;3
2053;1385;190;3
2054;1386;190;3
2055;1387;184;3
2056;1388;184;3
2057;1389;190;3
2058;1390;175;3
2059;1392;175;3
2060;1393;189;3
2061;1394;189;3
2062;1395;189;3
2064;1397;189;3
2065;1398;189;3
2066;1399;186;3
2067;1400;186;3
2068;1401;186;3
2069;1402;178;3
2070;1403;178;3
2072;1404;194;3
2073;1405;194;3
2074;1406;194;3
2075;1407;194;3
2077;1409;194;3
2079;1410;195;3
2080;1411;195;3
2081;1413;195;3
2082;1414;194;3
2083;48;189;3
2084;1415;196;3
2085;1416;196;3
2087;1417;188;3
2088;1418;112;3
2089;1419;174;3
2090;1420;178;3
2091;1421;186;3
2092;1422;171;3
2093;1423;168;3
2094;1424;168;3
2095;1425;46;3
2097;1426;170;3
2098;1354;170;3
2099;1427;28;4
2100;1428;28;4
2101;1429;128;4
2102;1430;186;3
2103;1431;168;3
2104;1432;115;3
2105;1433;171;3
2106;1434;186;3
2107;1435;105;3
2108;1436;185;3
2109;1437;185;3
2110;1438;170;3
2111;389;188;3
2112;389;189;3
2113;1439;115;3
2114;1440;115;3
2115;1441;97;3
2116;1442;10;3
2118;1444;115;3
2119;1445;97;3
2120;1446;179;3
2121;1447;115;3
2122;1448;178;3
2123;1449;188;3
2124;1450;46;3
2125;1451;107;3
2126;1452;182;3
2127;1453;97;3
2128;1454;103;3
2129;1455;196;3
2130;1456;177;3
2131;1457;109;3
2132;1458;115;3
2133;1459;188;3
2134;1460;177;3
2135;1461;97;3
2136;1462;178;3
2137;1463;168;3
2138;1464;188;3
2139;1465;190;3
2140;1466;174;3
2141;1467;170;3
2142;1468;112;3
2144;1470;99;3
2145;389;103;3
2146;1471;179;3
2147;1472;27;4
2148;1473;123;4
2149;1474;27;4
2150;1475;117;4
2151;1476;4;4
2152;1477;18;4
2153;1478;57;4
2154;1479;71;4
2155;1480;11;4
2156;1481;40;4
2158;1483;109;3
2159;1484;109;3
2160;1485;109;3
2161;1486;109;3
2162;1487;109;3
2163;1488;109;3
2164;1489;109;3
2165;1490;109;3
2166;1491;109;3
2167;1492;109;3
2168;1493;168;3
2169;1494;115;3
2170;1495;8;3
2171;1496;8;3
2172;1497;8;3
2173;1498;97;3
2174;1499;97;3
2175;1500;97;3
2176;1501;97;3
2177;1502;107;3
2178;1503;112;3
2179;1504;112;3
2180;1506;112;3
2181;1507;112;3
2182;1508;112;3
2183;1509;98;3
2184;1510;98;3
2185;1511;98;3
2186;1512;109;3
2187;1513;14;4
2188;1515;65;4
2189;1516;21;4
2190;1517;199;3
2191;1518;85;3
2192;1519;88;3
2193;1520;174;3
2194;1521;167;3
2195;1522;11;4
2196;1523;87;3
2197;1524;178;3
2198;1525;179;3
2199;1526;179;3
2200;1527;66;4
2201;1528;42;4
2202;1530;27;4
2203;1531;68;4
2204;1532;123;4
2205;1533;123;4
2206;1534;9;4
2207;1535;184;3
2208;564;174;3
2209;1536;117;4
2210;1537;44;4
2211;1538;127;4
2212;1539;188;3
2214;1541;8;3
2215;1542;174;3
2216;1543;174;3
